판매  일자 : 2013-03-22 ~ 2016-03-22
판매일자     실판매액 할인금액    순판매액
  공 급 가   부 가 세 면    세    합    계
------------------------------------------
"2013-03-22  1,880,400        0   1,880,400"
" 1,709,472    170,928        0   1,880,400"
"2013-03-23  1,767,000        0   1,767,000"
" 1,606,382    160,618        0   1,767,000"
"2013-03-24  1,954,000        0   1,954,000"
" 1,776,386    177,614        0   1,954,000"
"2013-03-25  1,876,000        0   1,876,000"
" 1,705,468    170,532        0   1,876,000"
"2013-03-26  1,586,500   56,200   1,530,300"
" 1,391,191    139,109        0   1,530,300"
"2013-03-27  1,830,900        0   1,830,900"
" 1,664,470    166,430        0   1,830,900"
"2013-03-28  1,592,100        0   1,592,100"
" 1,447,376    144,724        0   1,592,100"
"2013-03-29  2,014,500        0   2,014,500"
" 1,831,378    183,122        0   2,014,500"
"2013-03-30  2,512,000        0   2,512,000"
" 2,283,660    228,340        0   2,512,000"
"2013-03-31  1,992,000        0   1,992,000"
" 1,810,934    181,066        0   1,992,000"
"2013-04-01  1,581,000        0   1,581,000"
" 1,437,284    143,716        0   1,581,000"
"2013-04-02  1,782,000        0   1,782,000"
" 1,620,016    161,984        0   1,782,000"
"2013-04-03  2,759,800        0   2,759,800"
" 2,508,923    250,877        0   2,759,800"
"2013-04-04  1,788,900        0   1,788,900"
" 1,626,283    162,617        0   1,788,900"
"2013-04-05  2,442,900        0   2,442,900"
" 2,220,841    222,059        0   2,442,900"
"2013-04-06  1,756,500        0   1,756,500"
" 1,596,840    159,660        0   1,756,500"
"2013-04-07  2,095,000        0   2,095,000"
" 1,904,571    190,429        0   2,095,000"
"2013-04-08  1,679,400        0   1,679,400"
" 1,526,737    152,663        0   1,679,400"
"2013-04-09  1,836,000        0   1,836,000"
" 1,669,106    166,894        0   1,836,000"
"2013-04-10  2,747,300        0   2,747,300"
" 2,497,563    249,737        0   2,747,300"
"2013-04-11  2,413,800        0   2,413,800"
" 2,194,382    219,418        0   2,413,800"
"2013-04-12  2,071,700        0   2,071,700"
" 1,883,384    188,316        0   2,071,700"
"2013-04-13  2,471,500        0   2,471,500"
" 2,246,844    224,656        0   2,471,500"
"2013-04-14  1,813,500        0   1,813,500"
" 1,648,658    164,842        0   1,813,500"
"2013-04-15  1,827,700        0   1,827,700"
" 1,661,559    166,141        0   1,827,700"
"2013-04-16  1,864,600        0   1,864,600"
" 1,695,105    169,495        0   1,864,600"
"2013-04-17  2,216,000        0   2,216,000"
" 2,014,569    201,431        0   2,216,000"
"2013-04-18  1,685,100        0   1,685,100"
" 1,531,922    153,178        0   1,685,100"
"2013-04-19  1,692,500        0   1,692,500"
" 1,538,654    153,846        0   1,692,500"
"2013-04-20  1,758,500        0   1,758,500"
" 1,598,659    159,841        0   1,758,500"
"2013-04-21  2,136,500        0   2,136,500"
" 1,942,298    194,202        0   2,136,500"
"2013-04-22    901,600        0     901,600"
"   819,644     81,956        0     901,600"
"2013-04-23  1,385,500        0   1,385,500"
" 1,259,554    125,946        0   1,385,500"
"2013-04-24  1,395,300        0   1,395,300"
" 1,268,464    126,836        0   1,395,300"
"2013-04-25  1,736,900        0   1,736,900"
" 1,579,010    157,890        0   1,736,900"
"2013-04-26  1,394,700        0   1,394,700"
" 1,267,919    126,781        0   1,394,700"
"2013-04-27  1,430,000        0   1,430,000"
" 1,300,018    129,982        0   1,430,000"
"2013-04-28  1,965,500        0   1,965,500"
" 1,786,840    178,660        0   1,965,500"
"2013-04-29  1,891,000        0   1,891,000"
" 1,719,108    171,892        0   1,891,000"
"2013-04-30  2,136,200        0   2,136,200"
" 1,942,017    194,183        0   2,136,200"
"2013-05-01  2,879,400        0   2,879,400"
" 2,617,661    261,739        0   2,879,400"
"2013-05-02    805,700        0     805,700"
"   732,462     73,238        0     805,700"
"2013-05-03  2,086,000        0   2,086,000"
" 1,896,383    189,617        0   2,086,000"
"2013-05-04  1,467,500        0   1,467,500"
" 1,334,106    133,394        0   1,467,500"
"2013-05-05  3,312,000        0   3,312,000"
" 3,010,935    301,065        0   3,312,000"
"2013-05-06  1,362,300        0   1,362,300"
" 1,238,466    123,834        0   1,362,300"
"2013-05-07  2,672,800        0   2,672,800"
" 2,429,836    242,964        0   2,672,800"
"2013-05-08  3,110,200        0   3,110,200"
" 2,827,478    282,722        0   3,110,200"
"2013-05-09  1,535,600        0   1,535,600"
" 1,396,014    139,586        0   1,535,600"
"2013-05-10  1,298,400        0   1,298,400"
" 1,180,374    118,026        0   1,298,400"
"2013-05-11  1,759,000        0   1,759,000"
" 1,599,113    159,887        0   1,759,000"
"2013-05-12  1,831,500        0   1,831,500"
" 1,665,023    166,477        0   1,831,500"
"2013-05-13  1,485,200        0   1,485,200"
" 1,350,193    135,007        0   1,485,200"
"2013-05-14  1,323,800        0   1,323,800"
" 1,203,465    120,335        0   1,323,800"
"2013-05-15  1,983,400        0   1,983,400"
" 1,803,107    180,293        0   1,983,400"
"2013-05-16  1,719,600        0   1,719,600"
" 1,563,291    156,309        0   1,719,600"
"2013-05-17  2,016,300        0   2,016,300"
" 1,833,021    183,279        0   2,016,300"
"2013-05-18  1,510,000        0   1,510,000"
" 1,372,744    137,256        0   1,510,000"
"2013-05-19  1,786,500        0   1,786,500"
" 1,624,109    162,391        0   1,786,500"
"2013-05-20  1,407,100        0   1,407,100"
" 1,279,199    127,901        0   1,407,100"
"2013-05-21  1,553,300        0   1,553,300"
" 1,412,101    141,199        0   1,553,300"
"2013-05-22  1,161,500        0   1,161,500"
" 1,055,918    105,582        0   1,161,500"
"2013-05-23  1,066,900        0   1,066,900"
"   969,920     96,980        0   1,066,900"
"2013-05-24  1,290,300        0   1,290,300"
" 1,173,009    117,291        0   1,290,300"
"2013-05-25  2,651,500        0   2,651,500"
" 2,410,473    241,027        0   2,651,500"
"2013-05-26  1,601,000        0   1,601,000"
" 1,455,471    145,529        0   1,601,000"
"2013-05-27  1,313,700        0   1,313,700"
" 1,194,284    119,416        0   1,313,700"
"2013-05-28  2,021,600        0   2,021,600"
" 1,837,831    183,769        0   2,021,600"
"2013-05-29  1,229,800        0   1,229,800"
" 1,118,012    111,788        0   1,229,800"
"2013-05-30  1,859,100        0   1,859,100"
" 1,690,108    168,992        0   1,859,100"
"2013-05-31  1,141,700        0   1,141,700"
" 1,037,920    103,780        0   1,141,700"
"2013-06-01  2,192,000        0   2,192,000"
" 1,992,748    199,252        0   2,192,000"
"2013-06-02  1,608,000        0   1,608,000"
" 1,461,836    146,164        0   1,608,000"
"2013-06-03  1,354,200        0   1,354,200"
" 1,231,103    123,097        0   1,354,200"
"2013-06-04  1,333,800        0   1,333,800"
" 1,212,559    121,241        0   1,333,800"
"2013-06-05  1,861,600        0   1,861,600"
" 1,692,379    169,221        0   1,861,600"
"2013-06-06  2,243,000        0   2,243,000"
" 2,039,121    203,879        0   2,243,000"
"2013-06-07  1,340,400        0   1,340,400"
" 1,218,558    121,842        0   1,340,400"
"2013-06-08  1,996,500        0   1,996,500"
" 1,815,021    181,479        0   1,996,500"
"2013-06-09  2,241,500        0   2,241,500"
" 2,037,748    203,752        0   2,241,500"
"2013-06-10  1,288,400        0   1,288,400"
" 1,171,283    117,117        0   1,288,400"
"2013-06-11  1,357,900        0   1,357,900"
" 1,234,468    123,432        0   1,357,900"
"2013-06-12  1,964,800        0   1,964,800"
" 1,786,193    178,607        0   1,964,800"
"2013-06-13  2,271,800        0   2,271,800"
" 2,065,289    206,511        0   2,271,800"
"2013-06-14  2,155,600        0   2,155,600"
" 1,959,650    195,950        0   2,155,600"
"2013-06-15  1,318,000        0   1,318,000"
" 1,198,192    119,808        0   1,318,000"
"2013-06-16  1,950,000        0   1,950,000"
" 1,772,749    177,251        0   1,950,000"
"2013-06-17  1,135,000        0   1,135,000"
" 1,031,829    103,171        0   1,135,000"
"2013-06-18  1,443,500        0   1,443,500"
" 1,312,283    131,217        0   1,443,500"
"2013-06-19  1,590,000        0   1,590,000"
" 1,445,467    144,533        0   1,590,000"
"2013-06-20  1,928,300        0   1,928,300"
" 1,753,014    175,286        0   1,928,300"
"2013-06-21  1,494,800        0   1,494,800"
" 1,358,920    135,880        0   1,494,800"
"2013-06-22  1,997,000        0   1,997,000"
" 1,815,476    181,524        0   1,997,000"
"2013-06-23  1,814,500        0   1,814,500"
" 1,649,566    164,934        0   1,814,500"
"2013-06-24  1,334,300        0   1,334,300"
" 1,213,010    121,290        0   1,334,300"
"2013-06-25  1,052,700        0   1,052,700"
"   957,009     95,691        0   1,052,700"
"2013-06-26  1,033,300        0   1,033,300"
"   939,374     93,926        0   1,033,300"
"2013-06-27    900,600        0     900,600"
"   818,734     81,866        0     900,600"
"2013-06-28  1,176,100        0   1,176,100"
" 1,069,192    106,908        0   1,176,100"
"2013-06-29  2,319,500        0   2,319,500"
" 2,108,663    210,837        0   2,319,500"
"2013-06-30  1,274,500        0   1,274,500"
" 1,158,650    115,850        0   1,274,500"
"2013-07-01  1,359,600        0   1,359,600"
" 1,236,012    123,588        0   1,359,600"
"2013-07-02  1,176,400        0   1,176,400"
" 1,069,465    106,935        0   1,176,400"
"2013-07-03  1,041,600        0   1,041,600"
"   946,917     94,683        0   1,041,600"
"2013-07-04  1,311,700        0   1,311,700"
" 1,192,469    119,231        0   1,311,700"
"2013-07-05  1,410,300        0   1,410,300"
" 1,282,103    128,197        0   1,410,300"
"2013-07-06  2,318,000        0   2,318,000"
" 2,107,301    210,699        0   2,318,000"
"2013-07-07  2,089,000        0   2,089,000"
" 1,899,113    189,887        0   2,089,000"
"2013-07-08  1,259,300        0   1,259,300"
" 1,144,827    114,473        0   1,259,300"
"2013-07-09  1,332,300        0   1,332,300"
" 1,211,192    121,108        0   1,332,300"
"2013-07-10  1,581,700        0   1,581,700"
" 1,437,921    143,779        0   1,581,700"
"2013-07-11  1,667,200        0   1,667,200"
" 1,515,649    151,551        0   1,667,200"
"2013-07-12  1,173,200        0   1,173,200"
" 1,066,557    106,643        0   1,173,200"
"2013-07-13  1,575,500   22,000   1,553,500"
" 1,412,289    141,211        0   1,553,500"
"2013-07-14  1,734,000        0   1,734,000"
" 1,576,380    157,620        0   1,734,000"
"2013-07-15    892,400        0     892,400"
"   811,280     81,120        0     892,400"
"2013-07-16    995,200        0     995,200"
"   904,739     90,461        0     995,200"
"2013-07-17  1,367,700        0   1,367,700"
" 1,243,376    124,324        0   1,367,700"
"2013-07-18  1,697,000        0   1,697,000"
" 1,542,738    154,262        0   1,697,000"
"2013-07-19  1,703,900        0   1,703,900"
" 1,549,012    154,888        0   1,703,900"
"2013-07-20  1,205,000        0   1,205,000"
" 1,095,466    109,534        0   1,205,000"
"2013-07-21  1,635,000        0   1,635,000"
" 1,486,378    148,622        0   1,635,000"
"2013-07-22  1,132,700        0   1,132,700"
" 1,029,736    102,964        0   1,132,700"
"2013-07-23  1,496,100        0   1,496,100"
" 1,360,105    135,995        0   1,496,100"
"2013-07-24  1,396,900        0   1,396,900"
" 1,269,920    126,980        0   1,396,900"
"2013-07-25    653,800        0     653,800"
"   594,369     59,431        0     653,800"
"2013-07-26  1,249,900        0   1,249,900"
" 1,136,282    113,618        0   1,249,900"
"2013-07-27    962,500        0     962,500"
"   875,008     87,492        0     962,500"
"2013-07-28    672,500        0     672,500"
"   611,372     61,128        0     672,500"
"2013-07-29    990,300        0     990,300"
"   900,281     90,019        0     990,300"
"2013-08-02  1,307,600        0   1,307,600"
" 1,188,737    118,863        0   1,307,600"
"2013-08-03  1,352,000        0   1,352,000"
" 1,229,107    122,893        0   1,352,000"
"2013-08-04  1,708,000        0   1,708,000"
" 1,552,744    155,256        0   1,708,000"
"2013-08-05  1,034,800        0   1,034,800"
"   940,736     94,064        0   1,034,800"
"2013-08-06  1,379,800        0   1,379,800"
" 1,254,371    125,429        0   1,379,800"
"2013-08-07  1,723,900        0   1,723,900"
" 1,567,194    156,706        0   1,723,900"
"2013-08-08  1,350,400        0   1,350,400"
" 1,227,645    122,755        0   1,350,400"
"2013-08-09  1,294,000        0   1,294,000"
" 1,176,375    117,625        0   1,294,000"
"2013-08-10  1,581,500        0   1,581,500"
" 1,437,741    143,759        0   1,581,500"
"2013-08-11  1,230,000        0   1,230,000"
" 1,118,196    111,804        0   1,230,000"
"2013-08-12  1,116,900        0   1,116,900"
" 1,015,372    101,528        0   1,116,900"
"2013-08-13  1,306,900        0   1,306,900"
" 1,188,101    118,799        0   1,306,900"
"2013-08-14  1,418,200        0   1,418,200"
" 1,289,284    128,916        0   1,418,200"
"2013-08-15  1,356,000        0   1,356,000"
" 1,232,743    123,257        0   1,356,000"
"2013-08-16  1,332,300        0   1,332,300"
" 1,211,193    121,107        0   1,332,300"
"2013-08-17  1,438,000        0   1,438,000"
" 1,307,285    130,715        0   1,438,000"
"2013-08-18  2,605,000        0   2,605,000"
" 2,368,211    236,789        0   2,605,000"
"2013-08-19    832,500        0     832,500"
"   756,825     75,675        0     832,500"
"2013-08-20  1,154,900        0   1,154,900"
" 1,049,917    104,983        0   1,154,900"
"2013-08-21  1,576,900        0   1,576,900"
" 1,433,556    143,344        0   1,576,900"
"2013-08-22  1,354,300        0   1,354,300"
" 1,231,193    123,107        0   1,354,300"
"2013-08-23  1,869,000        0   1,869,000"
" 1,699,104    169,896        0   1,869,000"
"2013-08-24  1,964,000        0   1,964,000"
" 1,785,475    178,525        0   1,964,000"
"2013-08-25  1,676,500        0   1,676,500"
" 1,524,109    152,391        0   1,676,500"
"2013-08-26  1,328,900        0   1,328,900"
" 1,208,100    120,800        0   1,328,900"
"2013-08-27  1,740,200        0   1,740,200"
" 1,582,015    158,185        0   1,740,200"
"2013-08-28  1,052,800        0   1,052,800"
"   957,101     95,699        0   1,052,800"
"2013-08-29  1,597,000        0   1,597,000"
" 1,451,828    145,172        0   1,597,000"
"2013-08-30  1,128,800        0   1,128,800"
" 1,026,191    102,609        0   1,128,800"
"2013-08-31  1,933,500        0   1,933,500"
" 1,757,748    175,752        0   1,933,500"
"2013-09-01  3,046,000        0   3,046,000"
" 2,769,125    276,875        0   3,046,000"
"2013-09-02  1,832,000        0   1,832,000"
" 1,665,474    166,526        0   1,832,000"
"2013-09-03  2,142,500        0   2,142,500"
" 1,947,740    194,760        0   2,142,500"
"2013-09-04  1,811,600        0   1,811,600"
" 1,646,924    164,676        0   1,811,600"
"2013-09-05  1,972,000        0   1,972,000"
" 1,792,746    179,254        0   1,972,000"
"2013-09-06  1,665,300        0   1,665,300"
" 1,513,922    151,378        0   1,665,300"
"2013-09-07  1,788,800        0   1,788,800"
" 1,626,202    162,598        0   1,788,800"
"2013-09-08  1,601,500        0   1,601,500"
" 1,455,927    145,573        0   1,601,500"
"2013-09-09  1,869,200        0   1,869,200"
" 1,699,284    169,916        0   1,869,200"
"2013-09-10  1,523,600        0   1,523,600"
" 1,385,105    138,495        0   1,523,600"
"2013-09-11  1,555,500        0   1,555,500"
" 1,414,103    141,397        0   1,555,500"
"2013-09-12  1,758,900        0   1,758,900"
" 1,599,019    159,881        0   1,758,900"
"2013-09-13  1,947,200        0   1,947,200"
" 1,770,201    176,999        0   1,947,200"
"2013-09-14  1,360,000        0   1,360,000"
" 1,236,383    123,617        0   1,360,000"
"2013-09-15  1,882,000        0   1,882,000"
" 1,710,930    171,070        0   1,882,000"
"2013-09-16  1,536,700        0   1,536,700"
" 1,397,013    139,687        0   1,536,700"
"2013-09-17  1,656,800        0   1,656,800"
" 1,506,196    150,604        0   1,656,800"
"2013-09-20  2,212,500        0   2,212,500"
" 2,011,380    201,120        0   2,212,500"
"2013-09-21  1,437,000        0   1,437,000"
" 1,306,374    130,626        0   1,437,000"
"2013-09-22  1,746,500        0   1,746,500"
" 1,587,743    158,757        0   1,746,500"
"2013-09-23  1,355,800        0   1,355,800"
" 1,232,557    123,243        0   1,355,800"
"2013-09-24  1,665,700        0   1,665,700"
" 1,514,284    151,416        0   1,665,700"
"2013-09-25  2,174,200        0   2,174,200"
" 1,976,560    197,640        0   2,174,200"
"2013-09-26  1,135,700        0   1,135,700"
" 1,032,466    103,234        0   1,135,700"
"2013-09-27  1,945,700        0   1,945,700"
" 1,768,836    176,864        0   1,945,700"
"2013-09-28  1,898,500        0   1,898,500"
" 1,725,927    172,573        0   1,898,500"
"2013-09-29  1,515,500        0   1,515,500"
" 1,377,746    137,754        0   1,515,500"
"2013-09-30  1,589,900        0   1,589,900"
" 1,445,375    144,525        0   1,589,900"
"2013-10-01  1,534,400        0   1,534,400"
" 1,394,924    139,476        0   1,534,400"
"2013-10-02  1,986,900        0   1,986,900"
" 1,806,286    180,614        0   1,986,900"
"2013-10-03  2,423,000        0   2,423,000"
" 2,202,752    220,248        0   2,423,000"
"2013-10-04  1,639,100        0   1,639,100"
" 1,490,109    148,991        0   1,639,100"
"2013-10-05  1,853,000        0   1,853,000"
" 1,684,566    168,434        0   1,853,000"
"2013-10-06  2,138,000        0   2,138,000"
" 1,943,661    194,339        0   2,138,000"
"2013-10-07  1,481,200        0   1,481,200"
" 1,346,555    134,645        0   1,481,200"
"2013-10-08  1,771,700        0   1,771,700"
" 1,610,652    161,048        0   1,771,700"
"2013-10-09  2,019,000        0   2,019,000"
" 1,835,478    183,522        0   2,019,000"
"2013-10-10  2,000,400        0   2,000,400"
" 1,818,559    181,841        0   2,000,400"
"2013-10-11  1,785,900        0   1,785,900"
" 1,623,559    162,341        0   1,785,900"
"2013-10-12  1,969,000        0   1,969,000"
" 1,790,021    178,979        0   1,969,000"
"2013-10-13  2,040,000        0   2,040,000"
" 1,854,568    185,432        0   2,040,000"
"2013-10-14  1,661,600        0   1,661,600"
" 1,510,559    151,041        0   1,661,600"
"2013-10-15  1,690,800        0   1,690,800"
" 1,537,108    153,692        0   1,690,800"
"2013-10-16  1,562,900        0   1,562,900"
" 1,420,833    142,067        0   1,562,900"
"2013-10-17  1,694,000        0   1,694,000"
" 1,540,012    153,988        0   1,694,000"
"2013-10-18  1,682,600        0   1,682,600"
" 1,529,648    152,952        0   1,682,600"
"2013-10-19  2,860,000        0   2,860,000"
" 2,600,023    259,977        0   2,860,000"
"2013-10-20  1,842,000        0   1,842,000"
" 1,674,563    167,437        0   1,842,000"
"2013-10-21  1,401,200        0   1,401,200"
" 1,273,828    127,372        0   1,401,200"
"2013-10-22  1,205,500        0   1,205,500"
" 1,095,918    109,582        0   1,205,500"
"2013-10-23  1,305,600        0   1,305,600"
" 1,186,916    118,684        0   1,305,600"
"2013-10-24  1,497,100        0   1,497,100"
" 1,361,013    136,087        0   1,497,100"
"2013-10-25  1,247,300        0   1,247,300"
" 1,133,920    113,380        0   1,247,300"
"2013-10-26  1,556,500        0   1,556,500"
" 1,415,019    141,481        0   1,556,500"
"2013-10-27  2,220,000        0   2,220,000"
" 2,018,201    201,799        0   2,220,000"
"2013-10-28  1,929,800        0   1,929,800"
" 1,754,372    175,428        0   1,929,800"
"2013-10-29  1,774,600        0   1,774,600"
" 1,613,285    161,315        0   1,774,600"
"2013-10-30  2,028,300        0   2,028,300"
" 1,843,925    184,375        0   2,028,300"
"2013-10-31  1,471,000        0   1,471,000"
" 1,337,286    133,714        0   1,471,000"
"2013-11-01  1,567,600        0   1,567,600"
" 1,425,101    142,499        0   1,567,600"
"2013-11-02  1,524,000        0   1,524,000"
" 1,385,471    138,529        0   1,524,000"
"2013-11-03  2,396,500        0   2,396,500"
" 2,178,661    217,839        0   2,396,500"
"2013-11-04  1,873,100        0   1,873,100"
" 1,702,831    170,269        0   1,873,100"
"2013-11-05    977,400        0     977,400"
"   888,553     88,847        0     977,400"
"2013-11-06  1,662,600        0   1,662,600"
" 1,511,468    151,132        0   1,662,600"
"2013-11-07  1,947,700        0   1,947,700"
" 1,770,654    177,046        0   1,947,700"
"2013-11-08  1,700,400        0   1,700,400"
" 1,545,834    154,566        0   1,700,400"
"2013-11-09  1,550,000        0   1,550,000"
" 1,409,104    140,896        0   1,550,000"
"2013-11-10    950,500        0     950,500"
"   864,102     86,398        0     950,500"
"2013-11-11  1,285,900        0   1,285,900"
" 1,169,008    116,892        0   1,285,900"
"2013-11-12  2,085,800        0   2,085,800"
" 1,896,200    189,600        0   2,085,800"
"2013-11-13  1,654,500        0   1,654,500"
" 1,504,104    150,396        0   1,654,500"
"2013-11-14  1,418,800        0   1,418,800"
" 1,289,829    128,971        0   1,418,800"
"2013-11-15  1,464,500        0   1,464,500"
" 1,331,372    133,128        0   1,464,500"
"2013-11-16  1,223,000        0   1,223,000"
" 1,111,830    111,170        0   1,223,000"
"2013-11-17  1,694,500        0   1,694,500"
" 1,540,473    154,027        0   1,694,500"
"2013-11-18    990,200        0     990,200"
"   900,193     90,007        0     990,200"
"2013-11-19  1,751,800        0   1,751,800"
" 1,592,559    159,241        0   1,751,800"
"2013-11-20  1,321,700        0   1,321,700"
" 1,201,556    120,144        0   1,321,700"
"2013-11-21  2,139,100        0   2,139,100"
" 1,944,646    194,454        0   2,139,100"
"2013-11-22  1,923,200        0   1,923,200"
" 1,748,380    174,820        0   1,923,200"
"2013-11-23  1,339,000        0   1,339,000"
" 1,217,286    121,714        0   1,339,000"
"2013-11-24  1,547,000        0   1,547,000"
" 1,406,378    140,622        0   1,547,000"
"2013-11-25  1,630,200        0   1,630,200"
" 1,482,019    148,181        0   1,630,200"
"2013-11-26  2,317,700        0   2,317,700"
" 2,107,013    210,687        0   2,317,700"
"2013-11-27  1,366,900        0   1,366,900"
" 1,242,650    124,250        0   1,366,900"
"2013-11-28  2,407,500        0   2,407,500"
" 2,188,651    218,849        0   2,407,500"
"2013-11-29  1,895,700        0   1,895,700"
" 1,723,381    172,319        0   1,895,700"
"2013-11-30  2,220,000        0   2,220,000"
" 2,018,198    201,802        0   2,220,000"
"2013-12-01  1,401,500        0   1,401,500"
" 1,274,107    127,393        0   1,401,500"
"2013-12-02  1,461,100        0   1,461,100"
" 1,328,285    132,815        0   1,461,100"
"2013-12-03  1,444,300        0   1,444,300"
" 1,313,012    131,288        0   1,444,300"
"2013-12-04  1,195,600        0   1,195,600"
" 1,086,921    108,679        0   1,195,600"
"2013-12-05  1,171,400        0   1,171,400"
" 1,064,920    106,480        0   1,171,400"
"2013-12-06  1,646,800    9,900   1,636,900"
" 1,488,107    148,793        0   1,636,900"
"2013-12-07  1,825,500        0   1,825,500"
" 1,659,563    165,937        0   1,825,500"
"2013-12-08  2,232,000        0   2,232,000"
" 2,029,110    202,890        0   2,232,000"
"2013-12-09  2,316,300        0   2,316,300"
" 2,105,741    210,559        0   2,316,300"
"2013-12-10  1,972,800        0   1,972,800"
" 1,793,470    179,330        0   1,972,800"
"2013-12-11  1,793,900        0   1,793,900"
" 1,630,828    163,072        0   1,793,900"
"2013-12-12  1,571,700        0   1,571,700"
" 1,428,830    142,870        0   1,571,700"
"2013-12-13  1,542,300        0   1,542,300"
" 1,402,105    140,195        0   1,542,300"
"2013-12-14  3,290,500        0   3,290,500"
" 2,991,395    299,105        0   3,290,500"
"2013-12-15  1,917,500        0   1,917,500"
" 1,743,203    174,297        0   1,917,500"
"2013-12-16  1,427,300        0   1,427,300"
" 1,297,556    129,744        0   1,427,300"
"2013-12-17  2,128,100        0   2,128,100"
" 1,934,653    193,447        0   2,128,100"
"2013-12-18  2,082,700        0   2,082,700"
" 1,893,380    189,320        0   2,082,700"
"2013-12-19  2,117,500        0   2,117,500"
" 1,925,012    192,488        0   2,117,500"
"2013-12-20  2,698,700        0   2,698,700"
" 2,453,384    245,316        0   2,698,700"
"2013-12-21  2,125,000        0   2,125,000"
" 1,931,834    193,166        0   2,125,000"
"2013-12-22  1,350,500        0   1,350,500"
" 1,227,742    122,758        0   1,350,500"
"2013-12-23    986,800        0     986,800"
"   897,097     89,703        0     986,800"
"2013-12-24  1,311,800        0   1,311,800"
" 1,192,556    119,244        0   1,311,800"
"2013-12-25  2,620,000        0   2,620,000"
" 2,381,838    238,162        0   2,620,000"
"2013-12-26  1,505,500        0   1,505,500"
" 1,368,648    136,852        0   1,505,500"
"2013-12-27  1,838,600        0   1,838,600"
" 1,671,467    167,133        0   1,838,600"
"2013-12-28  1,102,500        0   1,102,500"
" 1,002,283    100,217        0   1,102,500"
"2013-12-29    948,000        0     948,000"
"   861,826     86,174        0     948,000"
"2013-12-30  1,375,300        0   1,375,300"
" 1,250,280    125,020        0   1,375,300"
"2013-12-31  1,959,300        0   1,959,300"
" 1,781,191    178,109        0   1,959,300"
"2014-01-01    935,000        0     935,000"
"   850,010     84,990        0     935,000"
"2014-01-02    937,700        0     937,700"
"   852,458     85,242        0     937,700"
"2014-01-03    860,500        0     860,500"
"   782,278     78,222        0     860,500"
"2014-01-04  1,063,500        0   1,063,500"
"   966,828     96,672        0   1,063,500"
"2014-01-05  1,098,000        0   1,098,000"
"   998,195     99,805        0   1,098,000"
"2014-01-06    765,700        0     765,700"
"   696,095     69,605        0     765,700"
"2014-01-07  1,199,800        0   1,199,800"
" 1,090,737    109,063        0   1,199,800"
"2014-01-08  1,383,200        0   1,383,200"
" 1,257,466    125,734        0   1,383,200"
"2014-01-09    803,400        0     803,400"
"   730,372     73,028        0     803,400"
"2014-01-10  1,113,100        0   1,113,100"
" 1,011,917    101,183        0   1,113,100"
"2014-01-11    837,500        0     837,500"
"   761,373     76,127        0     837,500"
"2014-01-12  1,442,000        0   1,442,000"
" 1,310,922    131,078        0   1,442,000"
"2014-01-13    944,000        0     944,000"
"   858,189     85,811        0     944,000"
"2014-01-14  1,452,600        0   1,452,600"
" 1,320,554    132,046        0   1,452,600"
"2014-01-15  1,034,700        0   1,034,700"
"   940,646     94,054        0   1,034,700"
"2014-01-16    949,800        0     949,800"
"   863,462     86,338        0     949,800"
"2014-01-17    974,100        0     974,100"
"   885,552     88,548        0     974,100"
"2014-01-18  1,928,000        0   1,928,000"
" 1,752,742    175,258        0   1,928,000"
"2014-01-19  1,582,000        0   1,582,000"
" 1,438,197    143,803        0   1,582,000"
"2014-01-20    853,200        0     853,200"
"   775,643     77,557        0     853,200"
"2014-01-21  1,273,600        0   1,273,600"
" 1,157,827    115,773        0   1,273,600"
"2014-01-22  1,436,100        0   1,436,100"
" 1,305,556    130,544        0   1,436,100"
"2014-01-23  1,194,400        0   1,194,400"
" 1,085,824    108,576        0   1,194,400"
"2014-01-24    780,200        0     780,200"
"   709,280     70,920        0     780,200"
"2014-01-25  1,749,500        0   1,749,500"
" 1,590,469    159,031        0   1,749,500"
"2014-01-26  1,370,000        0   1,370,000"
" 1,245,468    124,532        0   1,370,000"
"2014-01-27  1,050,800        0   1,050,800"
"   955,280     95,520        0   1,050,800"
"2014-01-28  1,043,900        0   1,043,900"
"   949,006     94,894        0   1,043,900"
"2014-01-29    858,000        0     858,000"
"   780,008     77,992        0     858,000"
"2014-02-01  1,060,000        0   1,060,000"
"   963,647     96,353        0   1,060,000"
"2014-02-02  1,187,000        0   1,187,000"
" 1,079,104    107,896        0   1,187,000"
"2014-02-03    525,300        0     525,300"
"   477,549     47,751        0     525,300"
"2014-02-04  1,497,300        0   1,497,300"
" 1,361,190    136,110        0   1,497,300"
"2014-02-05  1,413,700        0   1,413,700"
" 1,285,192    128,508        0   1,413,700"
"2014-02-06  1,330,200        0   1,330,200"
" 1,209,282    120,918        0   1,330,200"
"2014-02-07  1,510,600        0   1,510,600"
" 1,373,284    137,316        0   1,510,600"
"2014-02-08  1,669,500        0   1,669,500"
" 1,517,743    151,757        0   1,669,500"
"2014-02-09  1,438,500        0   1,438,500"
" 1,307,739    130,761        0   1,438,500"
"2014-02-10  1,212,300        0   1,212,300"
" 1,102,101    110,199        0   1,212,300"
"2014-02-11    982,600        0     982,600"
"   893,282     89,318        0     982,600"
"2014-02-12  1,553,900        0   1,553,900"
" 1,412,645    141,255        0   1,553,900"
"2014-02-13  1,291,900        0   1,291,900"
" 1,174,466    117,434        0   1,291,900"
"2014-02-14  1,403,200        0   1,403,200"
" 1,275,648    127,552        0   1,403,200"
"2014-02-15  1,519,000        0   1,519,000"
" 1,380,918    138,082        0   1,519,000"
"2014-02-16  2,690,500        0   2,690,500"
" 2,445,936    244,564        0   2,690,500"
"2014-02-17  1,457,100        0   1,457,100"
" 1,324,645    132,455        0   1,457,100"
"2014-02-18    842,300        0     842,300"
"   765,732     76,568        0     842,300"
"2014-02-19  1,598,800        0   1,598,800"
" 1,453,467    145,333        0   1,598,800"
"2014-02-20  1,037,100        0   1,037,100"
"   942,824     94,276        0   1,037,100"
"2014-02-21  2,456,500        0   2,456,500"
" 2,233,195    223,305        0   2,456,500"
"2014-02-22  1,925,500        0   1,925,500"
" 1,750,475    175,025        0   1,925,500"
"2014-02-23  1,623,000        0   1,623,000"
" 1,475,468    147,532        0   1,623,000"
"2014-02-24  1,394,800        0   1,394,800"
" 1,268,010    126,790        0   1,394,800"
"2014-02-25  1,235,600        0   1,235,600"
" 1,123,283    112,317        0   1,235,600"
"2014-02-26  1,778,500        0   1,778,500"
" 1,616,834    161,666        0   1,778,500"
"2014-02-27  1,827,000        0   1,827,000"
" 1,660,921    166,079        0   1,827,000"
"2014-02-28  1,690,300        0   1,690,300"
" 1,536,650    153,650        0   1,690,300"
"2014-03-01  2,982,500        0   2,982,500"
" 2,711,392    271,108        0   2,982,500"
"2014-03-02  3,057,000        0   3,057,000"
" 2,779,118    277,882        0   3,057,000"
"2014-03-03  1,796,300        0   1,796,300"
" 1,633,015    163,285        0   1,796,300"
"2014-03-04  1,050,100        0   1,050,100"
"   954,644     95,456        0   1,050,100"
"2014-03-05  1,467,700        0   1,467,700"
" 1,334,285    133,415        0   1,467,700"
"2014-03-06  1,853,000        0   1,853,000"
" 1,684,557    168,443        0   1,853,000"
"2014-03-07  1,349,800        0   1,349,800"
" 1,227,106    122,694        0   1,349,800"
"2014-03-08  1,978,000        0   1,978,000"
" 1,798,198    179,802        0   1,978,000"
"2014-03-09  1,456,500        0   1,456,500"
" 1,324,107    132,393        0   1,456,500"
"2014-03-10  1,280,300        0   1,280,300"
" 1,163,925    116,375        0   1,280,300"
"2014-03-11  1,868,500        0   1,868,500"
" 1,698,650    169,850        0   1,868,500"
"2014-03-12  1,576,700        0   1,576,700"
" 1,433,376    143,324        0   1,576,700"
"2014-03-13  1,425,500        0   1,425,500"
" 1,295,918    129,582        0   1,425,500"
"2014-03-14  1,437,800        0   1,437,800"
" 1,307,102    130,698        0   1,437,800"
"2014-03-15  1,737,500        0   1,737,500"
" 1,579,563    157,937        0   1,737,500"
"2014-03-16  1,997,500        0   1,997,500"
" 1,815,927    181,573        0   1,997,500"
"2014-03-17  1,003,600        0   1,003,600"
"   912,372     91,228        0   1,003,600"
"2014-03-18  1,796,900        0   1,796,900"
" 1,633,560    163,340        0   1,796,900"
"2014-03-19  1,561,400        0   1,561,400"
" 1,419,466    141,934        0   1,561,400"
"2014-03-20  1,062,100        0   1,062,100"
"   965,556     96,544        0   1,062,100"
"2014-03-21  1,333,700        0   1,333,700"
" 1,212,463    121,237        0   1,333,700"
"2014-03-22  1,498,000        0   1,498,000"
" 1,361,831    136,169        0   1,498,000"
"2014-03-23  1,793,000        0   1,793,000"
" 1,630,018    162,982        0   1,793,000"
"2014-03-24  1,228,000        0   1,228,000"
" 1,116,371    111,629        0   1,228,000"
"2014-03-25  1,469,300        0   1,469,300"
" 1,335,734    133,566        0   1,469,300"
"2014-03-26  1,385,200        0   1,385,200"
" 1,259,281    125,919        0   1,385,200"
"2014-03-27  1,373,700        0   1,373,700"
" 1,248,830    124,870        0   1,373,700"
"2014-03-28  1,016,100        0   1,016,100"
"   923,732     92,368        0   1,016,100"
"2014-03-29  1,169,000        0   1,169,000"
" 1,062,736    106,264        0   1,169,000"
"2014-03-30  1,469,500        0   1,469,500"
" 1,335,928    133,572        0   1,469,500"
"2014-03-31  1,532,000        0   1,532,000"
" 1,392,745    139,255        0   1,532,000"
"2014-04-01  1,658,500        0   1,658,500"
" 1,507,737    150,763        0   1,658,500"
"2014-04-02  1,949,100        0   1,949,100"
" 1,771,926    177,174        0   1,949,100"
"2014-04-03  1,305,300        0   1,305,300"
" 1,186,643    118,657        0   1,305,300"
"2014-04-04  2,032,200        0   2,032,200"
" 1,847,469    184,731        0   2,032,200"
"2014-04-05  2,239,500        0   2,239,500"
" 2,035,926    203,574        0   2,239,500"
"2014-04-06  2,099,000        0   2,099,000"
" 1,908,201    190,799        0   2,099,000"
"2014-04-07  1,362,900        0   1,362,900"
" 1,239,010    123,890        0   1,362,900"
"2014-04-08  1,191,700        0   1,191,700"
" 1,083,372    108,328        0   1,191,700"
"2014-04-09  1,591,500        0   1,591,500"
" 1,446,830    144,670        0   1,591,500"
"2014-04-10  1,753,000        0   1,753,000"
" 1,593,648    159,352        0   1,753,000"
"2014-04-11  2,627,400        0   2,627,400"
" 2,388,564    238,836        0   2,627,400"
"2014-04-12  2,047,500        0   2,047,500"
" 1,861,389    186,111        0   2,047,500"
"2014-04-13  1,995,000        0   1,995,000"
" 1,813,650    181,350        0   1,995,000"
"2014-04-14    965,600        0     965,600"
"   877,830     87,770        0     965,600"
"2014-04-15  1,767,700        0   1,767,700"
" 1,607,012    160,688        0   1,767,700"
"2014-04-16  1,273,700        0   1,273,700"
" 1,157,921    115,779        0   1,273,700"
"2014-04-17  1,326,500        0   1,326,500"
" 1,205,921    120,579        0   1,326,500"
"2014-04-18  1,371,900        0   1,371,900"
" 1,247,190    124,710        0   1,371,900"
"2014-04-19  2,078,000        0   2,078,000"
" 1,889,113    188,887        0   2,078,000"
"2014-04-20  1,147,000        0   1,147,000"
" 1,042,738    104,262        0   1,147,000"
"2014-04-21    892,800        0     892,800"
"   811,646     81,154        0     892,800"
"2014-04-22  1,126,300        0   1,126,300"
" 1,023,917    102,383        0   1,126,300"
"2014-04-23    982,900        0     982,900"
"   893,552     89,348        0     982,900"
"2014-04-24    912,800        0     912,800"
"   829,826     82,974        0     912,800"
"2014-04-25  1,011,400        0   1,011,400"
"   919,464     91,936        0   1,011,400"
"2014-04-26  1,608,500        0   1,608,500"
" 1,462,287    146,213        0   1,608,500"
"2014-04-27  1,006,000        0   1,006,000"
"   914,557     91,443        0   1,006,000"
"2014-04-28  1,231,300        0   1,231,300"
" 1,119,372    111,928        0   1,231,300"
"2014-04-29  1,369,500        0   1,369,500"
" 1,245,010    124,490        0   1,369,500"
"2014-04-30  1,483,800        0   1,483,800"
" 1,348,919    134,881        0   1,483,800"
"2014-05-01  2,133,200        0   2,133,200"
" 1,939,285    193,915        0   2,133,200"
"2014-05-02  1,317,200        0   1,317,200"
" 1,197,465    119,735        0   1,317,200"
"2014-05-03  1,585,500        0   1,585,500"
" 1,441,380    144,120        0   1,585,500"
"2014-05-04  1,351,000        0   1,351,000"
" 1,228,192    122,808        0   1,351,000"
"2014-05-05  2,006,500        0   2,006,500"
" 1,824,109    182,391        0   2,006,500"
"2014-05-06  1,496,500        0   1,496,500"
" 1,360,470    136,030        0   1,496,500"
"2014-05-07  1,226,700        0   1,226,700"
" 1,115,191    111,509        0   1,226,700"
"2014-05-08  2,494,900        0   2,494,900"
" 2,268,108    226,792        0   2,494,900"
"2014-05-09  1,274,000        0   1,274,000"
" 1,158,198    115,802        0   1,274,000"
"2014-05-10  1,497,500        0   1,497,500"
" 1,361,382    136,118        0   1,497,500"
"2014-05-11  1,357,500        0   1,357,500"
" 1,234,105    123,395        0   1,357,500"
"2014-05-12  1,416,200        0   1,416,200"
" 1,287,463    128,737        0   1,416,200"
"2014-05-13  1,308,900        0   1,308,900"
" 1,189,917    118,983        0   1,308,900"
"2014-05-14  1,222,700        0   1,222,700"
" 1,111,554    111,146        0   1,222,700"
"2014-05-15  1,606,900        0   1,606,900"
" 1,460,831    146,069        0   1,606,900"
"2014-05-16  1,309,800        0   1,309,800"
" 1,190,738    119,062        0   1,309,800"
"2014-05-17  1,450,000        0   1,450,000"
" 1,318,193    131,807        0   1,450,000"
"2014-05-18  2,062,000        0   2,062,000"
" 1,874,565    187,435        0   2,062,000"
"2014-05-19    960,100        0     960,100"
"   872,828     87,272        0     960,100"
"2014-05-20  1,312,200        0   1,312,200"
" 1,192,923    119,277        0   1,312,200"
"2014-05-21  1,688,100        0   1,688,100"
" 1,534,647    153,453        0   1,688,100"
"2014-05-22  1,332,900        0   1,332,900"
" 1,211,733    121,167        0   1,332,900"
"2014-05-23  1,278,300        0   1,278,300"
" 1,162,102    116,198        0   1,278,300"
"2014-05-24  1,020,000        0   1,020,000"
"   927,287     92,713        0   1,020,000"
"2014-05-25  1,033,000        0   1,033,000"
"   939,103     93,897        0   1,033,000"
"2014-05-26  1,492,300        0   1,492,300"
" 1,356,648    135,652        0   1,492,300"
"2014-05-27  1,189,900        0   1,189,900"
" 1,081,736    108,164        0   1,189,900"
"2014-05-28  1,203,400        0   1,203,400"
" 1,094,010    109,390        0   1,203,400"
"2014-05-29  1,769,900        0   1,769,900"
" 1,609,009    160,891        0   1,769,900"
"2014-05-30  1,261,300        0   1,261,300"
" 1,146,648    114,652        0   1,261,300"
"2014-05-31  1,895,500        0   1,895,500"
" 1,723,196    172,304        0   1,895,500"
"2014-06-01  1,283,000        0   1,283,000"
" 1,166,380    116,620        0   1,283,000"
"2014-06-02  1,722,700        0   1,722,700"
" 1,566,100    156,600        0   1,722,700"
"2014-06-03  1,315,800        0   1,315,800"
" 1,196,192    119,608        0   1,315,800"
"2014-06-04  1,585,500        0   1,585,500"
" 1,441,379    144,121        0   1,585,500"
"2014-06-05  1,679,800        0   1,679,800"
" 1,527,102    152,698        0   1,679,800"
"2014-06-06  1,469,500        0   1,469,500"
" 1,335,924    133,576        0   1,469,500"
"2014-06-07  1,126,500        0   1,126,500"
" 1,024,104    102,396        0   1,126,500"
"2014-06-08  1,111,000        0   1,111,000"
" 1,010,011    100,989        0   1,111,000"
"2014-06-09    753,700        0     753,700"
"   685,187     68,513        0     753,700"
"2014-06-10  1,696,500        0   1,696,500"
" 1,542,285    154,215        0   1,696,500"
"2014-06-11    940,300        0     940,300"
"   854,833     85,467        0     940,300"
"2014-06-12  1,785,600        0   1,785,600"
" 1,623,288    162,312        0   1,785,600"
"2014-06-13  1,301,200        0   1,301,200"
" 1,182,919    118,281        0   1,301,200"
"2014-06-14  1,936,000        0   1,936,000"
" 1,760,025    175,975        0   1,936,000"
"2014-06-15  1,691,500        0   1,691,500"
" 1,537,745    153,755        0   1,691,500"
"2014-06-16  1,232,600        0   1,232,600"
" 1,120,558    112,042        0   1,232,600"
"2014-06-17  1,082,100        0   1,082,100"
"   983,738     98,362        0   1,082,100"
"2014-06-18    897,100        0     897,100"
"   815,551     81,549        0     897,100"
"2014-06-19    972,000        0     972,000"
"   883,643     88,357        0     972,000"
"2014-06-20  1,154,700        0   1,154,700"
" 1,049,733    104,967        0   1,154,700"
"2014-06-21  1,112,500        0   1,112,500"
" 1,011,378    101,122        0   1,112,500"
"2014-06-22  2,019,000        0   2,019,000"
" 1,835,474    183,526        0   2,019,000"
"2014-06-23    910,900        0     910,900"
"   828,100     82,800        0     910,900"
"2014-06-24    553,600        0     553,600"
"   503,279     50,321        0     553,600"
"2014-06-25    832,300        0     832,300"
"   756,644     75,656        0     832,300"
"2014-06-26  1,273,400        0   1,273,400"
" 1,157,646    115,754        0   1,273,400"
"2014-06-27  1,138,100        0   1,138,100"
" 1,034,644    103,456        0   1,138,100"
"2014-06-28  1,700,000        0   1,700,000"
" 1,545,470    154,530        0   1,700,000"
"2014-06-29  1,147,000        0   1,147,000"
" 1,042,739    104,261        0   1,147,000"
"2014-06-30    809,800        0     809,800"
"   736,188     73,612        0     809,800"
"2014-07-01    575,000        0     575,000"
"   522,730     52,270        0     575,000"
"2014-07-02    948,700        0     948,700"
"   862,462     86,238        0     948,700"
"2014-07-03    860,700        0     860,700"
"   782,463     78,237        0     860,700"
"2014-07-04  1,172,400        0   1,172,400"
" 1,065,828    106,572        0   1,172,400"
"2014-07-05  1,917,500        0   1,917,500"
" 1,743,199    174,301        0   1,917,500"
"2014-07-06  1,956,500        0   1,956,500"
" 1,778,657    177,843        0   1,956,500"
"2014-07-07  1,242,500        0   1,242,500"
" 1,129,554    112,946        0   1,242,500"
"2014-07-08  1,360,200        0   1,360,200"
" 1,236,554    123,646        0   1,360,200"
"2014-07-09  1,148,600        0   1,148,600"
" 1,044,192    104,408        0   1,148,600"
"2014-07-10  1,029,900        0   1,029,900"
"   936,281     93,619        0   1,029,900"
"2014-07-11  1,168,900        0   1,168,900"
" 1,062,645    106,255        0   1,168,900"
"2014-07-12  1,550,500        0   1,550,500"
" 1,409,560    140,940        0   1,550,500"
"2014-07-13  1,837,000        0   1,837,000"
" 1,670,018    166,982        0   1,837,000"
"2014-07-14    932,300        0     932,300"
"   847,557     84,743        0     932,300"
"2014-07-15    878,100        0     878,100"
"   798,283     79,817        0     878,100"
"2014-07-16    690,400        0     690,400"
"   627,642     62,758        0     690,400"
"2014-07-17  1,085,000        0   1,085,000"
"   986,372     98,628        0   1,085,000"
"2014-07-18    983,100        0     983,100"
"   893,735     89,365        0     983,100"
"2014-07-19  1,343,000        0   1,343,000"
" 1,220,921    122,079        0   1,343,000"
"2014-07-20  1,260,000        0   1,260,000"
" 1,145,468    114,532        0   1,260,000"
"2014-07-21  1,413,200        0   1,413,200"
" 1,284,736    128,464        0   1,413,200"
"2014-07-22    692,500        0     692,500"
"   629,553     62,947        0     692,500"
"2014-07-23    767,400        0     767,400"
"   697,642     69,758        0     767,400"
"2014-07-24  1,867,300        0   1,867,300"
" 1,697,556    169,744        0   1,867,300"
"2014-07-25    834,800        0     834,800"
"   758,917     75,883        0     834,800"
"2014-07-26  1,667,500        0   1,667,500"
" 1,515,930    151,570        0   1,667,500"
"2014-07-27  1,316,000        0   1,316,000"
" 1,196,374    119,626        0   1,316,000"
"2014-07-28    938,200        0     938,200"
"   852,918     85,282        0     938,200"
"2014-07-29  1,329,600        0   1,329,600"
" 1,208,736    120,864        0   1,329,600"
"2014-07-30  1,047,000        0   1,047,000"
"   951,830     95,170        0   1,047,000"
"2014-07-31  1,145,800        0   1,145,800"
" 1,041,646    104,154        0   1,145,800"
"2014-08-01  1,186,400        0   1,186,400"
" 1,078,557    107,843        0   1,186,400"
"2014-08-02  1,503,700        0   1,503,700"
" 1,367,014    136,686        0   1,503,700"
"2014-08-03  1,673,100        0   1,673,100"
" 1,521,015    152,085        0   1,673,100"
"2014-08-04    959,400        0     959,400"
"   872,191     87,209        0     959,400"
"2014-08-05  1,242,300        0   1,242,300"
" 1,129,372    112,928        0   1,242,300"
"2014-08-06  1,105,000        0   1,105,000"
" 1,004,556    100,444        0   1,105,000"
"2014-08-07  1,124,200        0   1,124,200"
" 1,022,010    102,190        0   1,124,200"
"2014-08-08  1,179,900        0   1,179,900"
" 1,072,643    107,257        0   1,179,900"
"2014-08-09    890,300        0     890,300"
"   809,373     80,927        0     890,300"
"2014-08-10  1,153,100        0   1,153,100"
" 1,048,284    104,816        0   1,153,100"
"2014-08-11  1,062,200        0   1,062,200"
"   965,644     96,556        0   1,062,200"
"2014-08-12  1,316,600        0   1,316,600"
" 1,196,921    119,679        0   1,316,600"
"2014-08-13  1,022,400        0   1,022,400"
"   929,461     92,939        0   1,022,400"
"2014-08-14    786,800        0     786,800"
"   715,280     71,520        0     786,800"
"2014-08-15  1,854,800        0   1,854,800"
" 1,686,201    168,599        0   1,854,800"
"2014-08-16    833,200        0     833,200"
"   757,462     75,738        0     833,200"
"2014-08-17  2,595,200        0   2,595,200"
" 2,359,295    235,905        0   2,595,200"
"2014-08-18    666,700        0     666,700"
"   606,098     60,602        0     666,700"
"2014-08-19  1,097,500        0   1,097,500"
"   997,736     99,764        0   1,097,500"
"2014-08-20  1,241,600        0   1,241,600"
" 1,128,735    112,865        0   1,241,600"
"2014-08-21  1,244,400        0   1,244,400"
" 1,131,280    113,120        0   1,244,400"
"2014-08-22  2,042,000        0   2,042,000"
" 1,856,381    185,619        0   2,042,000"
"2014-08-23  1,017,500        0   1,017,500"
"   925,015     92,485        0   1,017,500"
"2014-08-24  1,338,500        0   1,338,500"
" 1,216,832    121,668        0   1,338,500"
"2014-08-25  1,091,800        0   1,091,800"
"   992,552     99,248        0   1,091,800"
"2014-08-26  1,247,600        0   1,247,600"
" 1,134,196    113,404        0   1,247,600"
"2014-08-27  1,117,600        0   1,117,600"
" 1,016,008    101,592        0   1,117,600"
"2014-08-28  1,460,200        0   1,460,200"
" 1,327,464    132,736        0   1,460,200"
"2014-08-29  1,109,100        0   1,109,100"
" 1,008,286    100,814        0   1,109,100"
"2014-08-30  2,271,900        0   2,271,900"
" 2,065,387    206,513        0   2,271,900"
"2014-08-31  2,622,600        0   2,622,600"
" 2,384,208    238,392        0   2,622,600"
"2014-09-01  1,094,000        0   1,094,000"
"   994,553     99,447        0   1,094,000"
"2014-09-02  1,558,500        0   1,558,500"
" 1,416,827    141,673        0   1,558,500"
"2014-09-03  1,367,700        0   1,367,700"
" 1,243,375    124,325        0   1,367,700"
"2014-09-04  1,414,600        0   1,414,600"
" 1,286,008    128,592        0   1,414,600"
"2014-09-05  1,312,500        0   1,312,500"
" 1,193,194    119,306        0   1,312,500"
"2014-09-06    669,000        0     669,000"
"   608,188     60,812        0     669,000"
"2014-09-09  1,195,000        0   1,195,000"
" 1,086,375    108,625        0   1,195,000"
"2014-09-10  1,539,000        0   1,539,000"
" 1,399,108    139,892        0   1,539,000"
"2014-09-11    754,300        0     754,300"
"   685,733     68,567        0     754,300"
"2014-09-12  1,354,100        0   1,354,100"
" 1,231,010    123,090        0   1,354,100"
"2014-09-13  1,029,500        0   1,029,500"
"   935,926     93,574        0   1,029,500"
"2014-09-14  1,285,500        0   1,285,500"
" 1,168,649    116,851        0   1,285,500"
"2014-09-15  1,566,800        0   1,566,800"
" 1,424,376    142,424        0   1,566,800"
"2014-09-16  1,097,400        0   1,097,400"
"   997,645     99,755        0   1,097,400"
"2014-09-17  1,477,200        0   1,477,200"
" 1,342,921    134,279        0   1,477,200"
"2014-09-18  1,720,000        0   1,720,000"
" 1,563,648    156,352        0   1,720,000"
"2014-09-19  1,499,500        0   1,499,500"
" 1,363,193    136,307        0   1,499,500"
"2014-09-20  1,650,500        0   1,650,500"
" 1,500,470    150,030        0   1,650,500"
"2014-09-21  1,023,000        0   1,023,000"
"   930,011     92,989        0   1,023,000"
"2014-09-22  1,292,300        0   1,292,300"
" 1,174,827    117,473        0   1,292,300"
"2014-09-23  1,006,700        0   1,006,700"
"   915,188     91,512        0   1,006,700"
"2014-09-24  1,240,700        0   1,240,700"
" 1,127,922    112,778        0   1,240,700"
"2014-09-25    966,400        0     966,400"
"   878,553     87,847        0     966,400"
"2014-09-26  1,116,000        0   1,116,000"
" 1,014,556    101,444        0   1,116,000"
"2014-09-27  1,105,000        0   1,105,000"
" 1,004,559    100,441        0   1,105,000"
"2014-09-28    948,500        0     948,500"
"   862,283     86,217        0     948,500"
"2014-09-29  1,180,000        0   1,180,000"
" 1,072,734    107,266        0   1,180,000"
"2014-09-30  1,319,800        0   1,319,800"
" 1,199,832    119,968        0   1,319,800"
"2014-10-01  1,130,200        0   1,130,200"
" 1,027,466    102,734        0   1,130,200"
"2014-10-02  1,252,900        0   1,252,900"
" 1,139,009    113,891        0   1,252,900"
"2014-10-03  1,671,500        0   1,671,500"
" 1,519,564    151,936        0   1,671,500"
"2014-10-04  1,515,000        0   1,515,000"
" 1,377,289    137,711        0   1,515,000"
"2014-10-05  1,453,000        0   1,453,000"
" 1,320,925    132,075        0   1,453,000"
"2014-10-06  1,478,600        0   1,478,600"
" 1,344,194    134,406        0   1,478,600"
"2014-10-07  1,368,800        0   1,368,800"
" 1,244,373    124,427        0   1,368,800"
"2014-10-08  1,551,700        0   1,551,700"
" 1,410,651    141,049        0   1,551,700"
"2014-10-09  1,749,000        0   1,749,000"
" 1,590,018    158,982        0   1,749,000"
"2014-10-10  2,895,900        0   2,895,900"
" 2,632,663    263,237        0   2,895,900"
"2014-10-12  2,001,000        0   2,001,000"
" 1,819,116    181,884        0   2,001,000"
"2014-10-13  1,091,100        0   1,091,100"
"   991,919     99,181        0   1,091,100"
"2014-10-14  1,603,900        0   1,603,900"
" 1,458,103    145,797        0   1,603,900"
"2014-10-15  1,229,600        0   1,229,600"
" 1,117,829    111,771        0   1,229,600"
"2014-10-16  1,158,300        0   1,158,300"
" 1,053,010    105,290        0   1,158,300"
"2014-10-17  1,283,900        0   1,283,900"
" 1,167,196    116,704        0   1,283,900"
"2014-10-18  2,173,500        0   2,173,500"
" 1,975,938    197,562        0   2,173,500"
"2014-10-19  1,662,000        0   1,662,000"
" 1,510,927    151,073        0   1,662,000"
"2014-10-20  1,379,800        0   1,379,800"
" 1,254,377    125,423        0   1,379,800"
"2014-10-21  1,156,400        0   1,156,400"
" 1,051,280    105,120        0   1,156,400"
"2014-10-22  1,295,600        0   1,295,600"
" 1,177,826    117,774        0   1,295,600"
"2014-10-23  1,362,100        0   1,362,100"
" 1,238,283    123,817        0   1,362,100"
"2014-10-24  1,252,800        0   1,252,800"
" 1,138,922    113,878        0   1,252,800"
"2014-10-25  1,356,500        0   1,356,500"
" 1,233,196    123,304        0   1,356,500"
"2014-10-26  1,426,500        0   1,426,500"
" 1,296,835    129,665        0   1,426,500"
"2014-10-27  1,388,200        0   1,388,200"
" 1,262,010    126,190        0   1,388,200"
"2014-10-28  1,465,400        0   1,465,400"
" 1,332,189    133,211        0   1,465,400"
"2014-10-29  1,271,700        0   1,271,700"
" 1,156,097    115,603        0   1,271,700"
"2014-10-30  1,090,700        0   1,090,700"
"   991,556     99,144        0   1,090,700"
"2014-10-31  1,303,000        0   1,303,000"
" 1,184,553    118,447        0   1,303,000"
"2014-11-01  1,748,000        0   1,748,000"
" 1,589,112    158,888        0   1,748,000"
"2014-11-02  1,937,500        0   1,937,500"
" 1,761,382    176,118        0   1,937,500"
"2014-11-03  1,023,500        0   1,023,500"
"   930,463     93,037        0   1,023,500"
"2014-11-04  1,248,300        0   1,248,300"
" 1,134,830    113,470        0   1,248,300"
"2014-11-05  1,253,800        0   1,253,800"
" 1,139,829    113,971        0   1,253,800"
"2014-11-06  1,134,900        0   1,134,900"
" 1,031,736    103,164        0   1,134,900"
"2014-11-07  1,216,300        0   1,216,300"
" 1,105,736    110,564        0   1,216,300"
"2014-11-08  1,934,500        0   1,934,500"
" 1,758,655    175,845        0   1,934,500"
"2014-11-09  2,403,500        0   2,403,500"
" 2,185,022    218,478        0   2,403,500"
"2014-11-10  1,004,800        0   1,004,800"
"   913,462     91,338        0   1,004,800"
"2014-11-11  1,105,500        0   1,105,500"
" 1,005,008    100,492        0   1,105,500"
"2014-11-12  1,398,700        0   1,398,700"
" 1,271,558    127,142        0   1,398,700"
"2014-11-13  1,893,700        0   1,893,700"
" 1,721,560    172,140        0   1,893,700"
"2014-11-14  1,502,400        0   1,502,400"
" 1,365,831    136,569        0   1,502,400"
"2014-11-15  1,817,500        0   1,817,500"
" 1,652,281    165,219        0   1,817,500"
"2014-11-16  1,564,500        0   1,564,500"
" 1,422,288    142,212        0   1,564,500"
"2014-11-17  1,435,100        0   1,435,100"
" 1,304,649    130,451        0   1,435,100"
"2014-11-18  1,278,000        0   1,278,000"
" 1,161,827    116,173        0   1,278,000"
"2014-11-19  1,311,900        0   1,311,900"
" 1,192,642    119,258        0   1,311,900"
"2014-11-20  1,313,700        0   1,313,700"
" 1,194,281    119,419        0   1,313,700"
"2014-11-21  1,254,900        0   1,254,900"
" 1,140,828    114,072        0   1,254,900"
"2014-11-22  2,228,500        0   2,228,500"
" 2,025,918    202,582        0   2,228,500"
"2014-11-23  2,011,000        0   2,011,000"
" 1,828,208    182,792        0   2,011,000"
"2014-11-24  1,313,600        0   1,313,600"
" 1,194,191    119,409        0   1,313,600"
"2014-11-25  1,180,700        0   1,180,700"
" 1,073,373    107,327        0   1,180,700"
"2014-11-26  1,716,200        0   1,716,200"
" 1,560,196    156,004        0   1,716,200"
"2014-11-27  1,746,000        0   1,746,000"
" 1,587,281    158,719        0   1,746,000"
"2014-11-28  1,235,400        0   1,235,400"
" 1,123,099    112,301        0   1,235,400"
"2014-11-29  1,313,000        0   1,313,000"
" 1,193,646    119,354        0   1,313,000"
"2014-11-30  1,338,500        0   1,338,500"
" 1,216,833    121,667        0   1,338,500"
"2014-12-01  1,378,400        0   1,378,400"
" 1,253,100    125,300        0   1,378,400"
"2014-12-02  1,204,600        0   1,204,600"
" 1,095,095    109,505        0   1,204,600"
"2014-12-03  1,354,200        0   1,354,200"
" 1,231,099    123,101        0   1,354,200"
"2014-12-04  1,395,700        0   1,395,700"
" 1,268,831    126,869        0   1,395,700"
"2014-12-05  1,736,900        0   1,736,900"
" 1,579,013    157,887        0   1,736,900"
"2014-12-06  1,989,500        0   1,989,500"
" 1,808,654    180,846        0   1,989,500"
"2014-12-07  2,246,500        0   2,246,500"
" 2,042,291    204,209        0   2,246,500"
"2014-12-08  1,562,800        0   1,562,800"
" 1,420,742    142,058        0   1,562,800"
"2014-12-09  1,445,600        0   1,445,600"
" 1,314,193    131,407        0   1,445,600"
"2014-12-10  1,298,800        0   1,298,800"
" 1,180,737    118,063        0   1,298,800"
"2014-12-11  1,846,300        0   1,846,300"
" 1,678,467    167,833        0   1,846,300"
"2014-12-12  2,292,800        0   2,292,800"
" 2,084,380    208,420        0   2,292,800"
"2014-12-13  1,671,500        0   1,671,500"
" 1,519,564    151,936        0   1,671,500"
"2014-12-14  1,951,500        0   1,951,500"
" 1,774,113    177,387        0   1,951,500"
"2014-12-15  1,188,600        0   1,188,600"
" 1,080,555    108,045        0   1,188,600"
"2014-12-16  1,528,000        0   1,528,000"
" 1,389,102    138,898        0   1,528,000"
"2014-12-17  1,321,400        0   1,321,400"
" 1,201,280    120,120        0   1,321,400"
"2014-12-18  2,090,000        0   2,090,000"
" 1,900,014    189,986        0   2,090,000"
"2014-12-19  1,722,500        0   1,722,500"
" 1,565,919    156,581        0   1,722,500"
"2014-12-21  1,351,500        0   1,351,500"
" 1,228,654    122,846        0   1,351,500"
"2014-12-22    992,400        0     992,400"
"   902,189     90,211        0     992,400"
"2014-12-23  1,072,800        0   1,072,800"
"   975,278     97,522        0   1,072,800"
"2014-12-24  1,666,400        0   1,666,400"
" 1,514,927    151,473        0   1,666,400"
"2014-12-25  1,934,000        0   1,934,000"
" 1,758,201    175,799        0   1,934,000"
"2014-12-26  1,569,500        0   1,569,500"
" 1,426,827    142,673        0   1,569,500"
"2014-12-27  1,575,500        0   1,575,500"
" 1,432,285    143,215        0   1,575,500"
"2014-12-28  1,793,500        0   1,793,500"
" 1,630,468    163,032        0   1,793,500"
"2014-12-29  1,333,400        0   1,333,400"
" 1,212,191    121,209        0   1,333,400"
"2014-12-30  1,526,500        0   1,526,500"
" 1,387,737    138,763        0   1,526,500"
"2014-12-31  1,722,300        0   1,722,300"
" 1,565,739    156,561        0   1,722,300"
"2015-01-01  1,356,500        0   1,356,500"
" 1,233,197    123,303        0   1,356,500"
"2015-01-02    817,000        0     817,000"
"   742,735     74,265        0     817,000"
"2015-01-03  1,614,000        0   1,614,000"
" 1,467,284    146,716        0   1,614,000"
"2015-01-04  1,233,000        0   1,233,000"
" 1,120,919    112,081        0   1,233,000"
"2015-01-06    662,500        0     662,500"
"   602,278     60,222        0     662,500"
"2015-01-07  1,430,000        0   1,430,000"
" 1,300,008    129,992        0   1,430,000"
"2015-01-08    724,700        0     724,700"
"   658,825     65,875        0     724,700"
"2015-01-09    883,300        0     883,300"
"   803,010     80,290        0     883,300"
"2015-01-10  1,224,000        0   1,224,000"
" 1,112,740    111,260        0   1,224,000"
"2015-01-11  1,321,000        0   1,321,000"
" 1,200,921    120,079        0   1,321,000"
"2015-01-13  1,128,200        0   1,128,200"
" 1,025,644    102,556        0   1,128,200"
"2015-01-14  1,198,800        0   1,198,800"
" 1,089,827    108,973        0   1,198,800"
"2015-01-15  1,095,000        0   1,095,000"
"   995,467     99,533        0   1,095,000"
"2015-01-16  1,422,500        0   1,422,500"
" 1,293,193    129,307        0   1,422,500"
"2015-01-17  1,281,500        0   1,281,500"
" 1,165,011    116,489        0   1,281,500"
"2015-01-18  1,141,500        0   1,141,500"
" 1,037,739    103,761        0   1,141,500"
"2015-01-20  1,048,500        0   1,048,500"
"   953,191     95,309        0   1,048,500"
"2015-01-21    877,100        0     877,100"
"   797,371     79,729        0     877,100"
"2015-01-22    760,000        0     760,000"
"   690,913     69,087        0     760,000"
"2015-01-23  1,543,500        0   1,543,500"
" 1,403,195    140,305        0   1,543,500"
"2015-01-24  1,474,000        0   1,474,000"
" 1,340,011    133,989        0   1,474,000"
"2015-01-25    933,000        0     933,000"
"   848,190     84,810        0     933,000"
"2015-01-26    818,000        0     818,000"
"   743,639     74,361        0     818,000"
"2015-01-27    935,200        0     935,200"
"   850,189     85,011        0     935,200"
"2015-01-28  1,110,400        0   1,110,400"
" 1,009,468    100,932        0   1,110,400"
"2015-01-29    779,900        0     779,900"
"   709,005     70,895        0     779,900"
"2015-01-30  1,233,300        0   1,233,300"
" 1,121,190    112,110        0   1,233,300"
"2015-01-31  1,021,000        0   1,021,000"
"   928,194     92,806        0   1,021,000"
"2015-02-01  1,041,000        0   1,041,000"
"   946,375     94,625        0   1,041,000"
"2015-02-02  1,150,000        0   1,150,000"
" 1,045,466    104,534        0   1,150,000"
"2015-02-03    993,300        0     993,300"
"   903,007     90,293        0     993,300"
"2015-02-04  1,125,500        0   1,125,500"
" 1,023,190    102,310        0   1,125,500"
"2015-02-05    875,800        0     875,800"
"   796,186     79,614        0     875,800"
"2015-02-06    981,400        0     981,400"
"   892,188     89,212        0     981,400"
"2015-02-07  1,920,500        0   1,920,500"
" 1,745,924    174,576        0   1,920,500"
"2015-02-08  1,446,500        0   1,446,500"
" 1,315,015    131,485        0   1,446,500"
"2015-02-09    541,700        0     541,700"
"   492,459     49,241        0     541,700"
"2015-02-10  2,157,800        0   2,157,800"
" 1,961,643    196,157        0   2,157,800"
"2015-02-11  1,091,100        0   1,091,100"
"   991,917     99,183        0   1,091,100"
"2015-02-12  1,999,700        0   1,999,700"
" 1,817,922    181,778        0   1,999,700"
"2015-02-13  1,824,600        0   1,824,600"
" 1,658,743    165,857        0   1,824,600"
"2015-02-14  1,629,000        0   1,629,000"
" 1,480,926    148,074        0   1,629,000"
"2015-02-15    982,500        0     982,500"
"   893,189     89,311        0     982,500"
"2015-02-16  1,047,100        0   1,047,100"
"   951,919     95,181        0   1,047,100"
"2015-02-17  1,174,000        0   1,174,000"
" 1,067,282    106,718        0   1,174,000"
"2015-02-20    693,000        0     693,000"
"   630,007     62,993        0     693,000"
"2015-02-21  1,326,000        0   1,326,000"
" 1,205,464    120,536        0   1,326,000"
"2015-02-22    779,000        0     779,000"
"   708,191     70,809        0     779,000"
"2015-02-23  1,362,900        0   1,362,900"
" 1,239,007    123,893        0   1,362,900"
"2015-02-24  2,311,400        0   2,311,400"
" 2,101,285    210,115        0   2,311,400"
"2015-02-25  1,432,400        0   1,432,400"
" 1,302,194    130,206        0   1,432,400"
"2015-02-26  1,401,300        0   1,401,300"
" 1,273,919    127,381        0   1,401,300"
"2015-02-27  1,956,300        0   1,956,300"
" 1,778,471    177,829        0   1,956,300"
"2015-02-28  3,178,000        0   3,178,000"
" 2,889,122    288,878        0   3,178,000"
"2015-03-01  3,012,500        0   3,012,500"
" 2,738,661    273,839        0   3,012,500"
"2015-03-02  1,405,100        0   1,405,100"
" 1,277,375    127,725        0   1,405,100"
"2015-03-03  1,184,600        0   1,184,600"
" 1,076,917    107,683        0   1,184,600"
"2015-03-04  1,290,900        0   1,290,900"
" 1,173,552    117,348        0   1,290,900"
"2015-03-05    932,400        0     932,400"
"   847,645     84,755        0     932,400"
"2015-03-06  1,457,200        0   1,457,200"
" 1,324,740    132,460        0   1,457,200"
"2015-03-07  1,569,000        0   1,569,000"
" 1,426,379    142,621        0   1,569,000"
"2015-03-08  1,588,000        0   1,588,000"
" 1,443,649    144,351        0   1,588,000"
"2015-03-09  1,070,600        0   1,070,600"
"   973,280     97,320        0   1,070,600"
"2015-03-10    867,700        0     867,700"
"   788,827     78,873        0     867,700"
"2015-03-11  1,644,400        0   1,644,400"
" 1,494,925    149,475        0   1,644,400"
"2015-03-12  2,095,300        0   2,095,300"
" 1,904,830    190,470        0   2,095,300"
"2015-03-13  1,559,400        0   1,559,400"
" 1,417,650    141,750        0   1,559,400"
"2015-03-14  1,324,500        0   1,324,500"
" 1,204,109    120,391        0   1,324,500"
"2015-03-15  1,683,000        0   1,683,000"
" 1,530,015    152,985        0   1,683,000"
"2015-03-16  1,606,800        0   1,606,800"
" 1,460,740    146,060        0   1,606,800"
"2015-03-17  1,600,700        0   1,600,700"
" 1,455,195    145,505        0   1,600,700"
"2015-03-18    746,800        0     746,800"
"   678,919     67,881        0     746,800"
"2015-03-19  1,506,100        0   1,506,100"
" 1,369,196    136,904        0   1,506,100"
"2015-03-20  1,957,200        0   1,957,200"
" 1,779,292    177,908        0   1,957,200"
"2015-03-21  1,791,000        0   1,791,000"
" 1,628,199    162,801        0   1,791,000"
"2015-03-22  1,334,500        0   1,334,500"
" 1,213,195    121,305        0   1,334,500"
"2015-03-23  1,034,200        0   1,034,200"
"   940,187     94,013        0   1,034,200"
"2015-03-24  1,871,700        0   1,871,700"
" 1,701,555    170,145        0   1,871,700"
"2015-03-25    958,800        0     958,800"
"   871,646     87,154        0     958,800"
"2015-03-26  1,799,500        0   1,799,500"
" 1,635,923    163,577        0   1,799,500"
"2015-03-27  1,833,600        0   1,833,600"
" 1,666,925    166,675        0   1,833,600"
"2015-03-28  1,030,000        0   1,030,000"
"   936,376     93,624        0   1,030,000"
"2015-03-29  1,641,000        0   1,641,000"
" 1,491,834    149,166        0   1,641,000"
"2015-03-30  1,438,600        0   1,438,600"
" 1,307,830    130,770        0   1,438,600"
"2015-03-31  1,311,700        0   1,311,700"
" 1,192,466    119,234        0   1,311,700"
"2015-04-01  2,040,700        0   2,040,700"
" 1,855,196    185,504        0   2,040,700"
"2015-04-02  1,668,600        0   1,668,600"
" 1,516,926    151,674        0   1,668,600"
"2015-04-03  1,642,700        0   1,642,700"
" 1,493,376    149,324        0   1,642,700"
"2015-04-04  1,890,000        0   1,890,000"
" 1,718,202    171,798        0   1,890,000"
"2015-04-05  1,787,500        0   1,787,500"
" 1,625,015    162,485        0   1,787,500"
"2015-04-06  1,332,100        0   1,332,100"
" 1,211,012    121,088        0   1,332,100"
"2015-04-07  1,214,700        0   1,214,700"
" 1,104,282    110,418        0   1,214,700"
"2015-04-08  1,400,000        0   1,400,000"
" 1,272,738    127,262        0   1,400,000"
"2015-04-09  1,766,800        0   1,766,800"
" 1,606,191    160,609        0   1,766,800"
"2015-04-10  2,418,400        0   2,418,400"
" 2,198,561    219,839        0   2,418,400"
"2015-04-11  1,758,500        0   1,758,500"
" 1,598,656    159,844        0   1,758,500"
"2015-04-12  2,072,000        0   2,072,000"
" 1,883,663    188,337        0   2,072,000"
"2015-04-13    858,900        0     858,900"
"   780,830     78,070        0     858,900"
"2015-04-14  1,478,100        0   1,478,100"
" 1,343,736    134,364        0   1,478,100"
"2015-04-15  1,043,500        0   1,043,500"
"   948,641     94,859        0   1,043,500"
"2015-04-16  1,722,700        0   1,722,700"
" 1,566,097    156,603        0   1,722,700"
"2015-04-17  1,554,100        0   1,554,100"
" 1,412,833    141,267        0   1,554,100"
"2015-04-18  1,816,000        0   1,816,000"
" 1,650,928    165,072        0   1,816,000"
"2015-04-19  1,134,000        0   1,134,000"
" 1,030,922    103,078        0   1,134,000"
"2015-04-20  1,459,600        0   1,459,600"
" 1,326,921    132,679        0   1,459,600"
"2015-04-21  1,219,700        0   1,219,700"
" 1,108,825    110,875        0   1,219,700"
"2015-04-22  1,279,800        0   1,279,800"
" 1,163,466    116,334        0   1,279,800"
"2015-04-23  1,230,600        0   1,230,600"
" 1,118,735    111,865        0   1,230,600"
"2015-04-24  1,307,300        0   1,307,300"
" 1,188,465    118,835        0   1,307,300"
"2015-04-25    993,000        0     993,000"
"   902,740     90,260        0     993,000"
"2015-04-26  1,245,500        0   1,245,500"
" 1,132,286    113,214        0   1,245,500"
"2015-04-27  1,143,600        0   1,143,600"
" 1,039,649    103,951        0   1,143,600"
"2015-04-28  1,387,100        0   1,387,100"
" 1,261,012    126,088        0   1,387,100"
"2015-04-29  1,235,200        0   1,235,200"
" 1,122,921    112,279        0   1,235,200"
"2015-04-30  1,692,100        0   1,692,100"
" 1,538,290    153,810        0   1,692,100"
"2015-05-01  2,064,000        0   2,064,000"
" 1,876,380    187,620        0   2,064,000"
"2015-05-02  1,220,000        0   1,220,000"
" 1,109,102    110,898        0   1,220,000"
"2015-05-03  1,336,000        0   1,336,000"
" 1,214,556    121,444        0   1,336,000"
"2015-05-04  1,398,400        0   1,398,400"
" 1,271,285    127,115        0   1,398,400"
"2015-05-05  1,723,000        0   1,723,000"
" 1,566,378    156,622        0   1,723,000"
"2015-05-06  1,111,200        0   1,111,200"
" 1,010,191    101,009        0   1,111,200"
"2015-05-07  1,218,000        0   1,218,000"
" 1,107,282    110,718        0   1,218,000"
"2015-05-08  1,660,000        0   1,660,000"
" 1,509,106    150,894        0   1,660,000"
"2015-05-09  1,993,500        0   1,993,500"
" 1,812,289    181,211        0   1,993,500"
"2015-05-10  1,319,500        0   1,319,500"
" 1,199,558    119,942        0   1,319,500"
"2015-05-11  1,421,700        0   1,421,700"
" 1,292,462    129,238        0   1,421,700"
"2015-05-12  1,081,000        0   1,081,000"
"   982,734     98,266        0   1,081,000"
"2015-05-13  1,071,500        0   1,071,500"
"   974,098     97,402        0   1,071,500"
"2015-05-14  1,307,100        0   1,307,100"
" 1,188,286    118,814        0   1,307,100"
"2015-05-15  1,363,200        0   1,363,200"
" 1,239,282    123,918        0   1,363,200"
"2015-05-16  1,693,000        0   1,693,000"
" 1,539,108    153,892        0   1,693,000"
"2015-05-17  1,766,500        0   1,766,500"
" 1,605,926    160,574        0   1,766,500"
"2015-05-18  1,036,000        0   1,036,000"
"   941,827     94,173        0   1,036,000"
"2015-05-19  1,550,300        0   1,550,300"
" 1,409,375    140,925        0   1,550,300"
"2015-05-20  1,446,900        0   1,446,900"
" 1,315,376    131,524        0   1,446,900"
"2015-05-21  1,205,900        0   1,205,900"
" 1,096,281    109,619        0   1,205,900"
"2015-05-22  1,231,200        0   1,231,200"
" 1,119,284    111,916        0   1,231,200"
"2015-05-23  1,499,000        0   1,499,000"
" 1,362,738    136,262        0   1,499,000"
"2015-05-24  1,245,500        0   1,245,500"
" 1,132,284    113,216        0   1,245,500"
"2015-05-25    994,000        0     994,000"
"   903,648     90,352        0     994,000"
"2015-05-26  1,066,300        0   1,066,300"
"   969,374     96,926        0   1,066,300"
"2015-05-27  1,081,100        0   1,081,100"
"   982,825     98,275        0   1,081,100"
"2015-05-28    935,400        0     935,400"
"   850,371     85,029        0     935,400"
"2015-05-29  2,196,900        0   2,196,900"
" 1,997,195    199,705        0   2,196,900"
"2015-05-30  1,970,000        0   1,970,000"
" 1,790,929    179,071        0   1,970,000"
"2015-05-31  2,108,000        0   2,108,000"
" 1,916,385    191,615        0   2,108,000"
"2015-06-01  1,055,400        0   1,055,400"
"   959,464     95,936        0   1,055,400"
"2015-06-02    911,100        0     911,100"
"   828,280     82,820        0     911,100"
"2015-06-03  1,196,100        0   1,196,100"
" 1,087,371    108,729        0   1,196,100"
"2015-06-04  1,228,400        0   1,228,400"
" 1,116,738    111,662        0   1,228,400"
"2015-06-05  1,298,500        0   1,298,500"
" 1,180,466    118,034        0   1,298,500"
"2015-06-06  1,272,000        0   1,272,000"
" 1,156,377    115,623        0   1,272,000"
"2015-06-07  1,341,000        0   1,341,000"
" 1,219,105    121,895        0   1,341,000"
"2015-06-08  1,310,100        0   1,310,100"
" 1,191,010    119,090        0   1,310,100"
"2015-06-09  1,245,900        0   1,245,900"
" 1,132,644    113,256        0   1,245,900"
"2015-06-10  1,856,200        0   1,856,200"
" 1,687,470    168,730        0   1,856,200"
"2015-06-11  1,446,700        0   1,446,700"
" 1,315,192    131,508        0   1,446,700"
"2015-06-12  2,109,900        0   2,109,900"
" 1,918,103    191,797        0   2,109,900"
"2015-06-15    693,400        0     693,400"
"   630,371     63,029        0     693,400"
"2015-06-16  1,204,800        0   1,204,800"
" 1,095,280    109,520        0   1,204,800"
"2015-06-17  1,781,500        0   1,781,500"
" 1,619,558    161,942        0   1,781,500"
"2015-06-18  1,845,300        0   1,845,300"
" 1,677,555    167,745        0   1,845,300"
"2015-06-19  1,641,400        0   1,641,400"
" 1,492,195    149,205        0   1,641,400"
"2015-06-20  1,491,000        0   1,491,000"
" 1,355,477    135,523        0   1,491,000"
"2015-06-21  1,846,500        0   1,846,500"
" 1,678,652    167,848        0   1,846,500"
"2015-06-22    843,600        0     843,600"
"   766,915     76,685        0     843,600"
"2015-06-23    499,900        0     499,900"
"   454,461     45,439        0     499,900"
"2015-06-24    795,000        0     795,000"
"   722,735     72,265        0     795,000"
"2015-06-25    599,400        0     599,400"
"   544,913     54,487        0     599,400"
"2015-06-26    837,800        0     837,800"
"   761,644     76,156        0     837,800"
"2015-06-27  1,434,500        0   1,434,500"
" 1,304,111    130,389        0   1,434,500"
"2015-06-28  1,273,500        0   1,273,500"
" 1,157,741    115,759        0   1,273,500"
"2015-06-29    948,500        0     948,500"
"   862,275     86,225        0     948,500"
"2015-06-30    922,400        0     922,400"
"   838,551     83,849        0     922,400"
"2015-07-01  1,113,300        0   1,113,300"
" 1,012,101    101,199        0   1,113,300"
"2015-07-02  1,163,700        0   1,163,700"
" 1,057,919    105,781        0   1,163,700"
"2015-07-03    711,700        0     711,700"
"   647,004     64,696        0     711,700"
"2015-07-04  2,076,000        0   2,076,000"
" 1,887,297    188,703        0   2,076,000"
"2015-07-05    898,000        0     898,000"
"   816,373     81,627        0     898,000"
"2015-07-06    955,000        0     955,000"
"   868,191     86,809        0     955,000"
"2015-07-07    944,500        0     944,500"
"   858,640     85,860        0     944,500"
"2015-07-08    928,800        0     928,800"
"   844,371     84,429        0     928,800"
"2015-07-09    707,300        0     707,300"
"   643,006     64,294        0     707,300"
"2015-07-10  1,501,700        0   1,501,700"
" 1,365,192    136,508        0   1,501,700"
"2015-07-11  1,063,000        0   1,063,000"
"   966,371     96,629        0   1,063,000"
"2015-07-12    785,500        0     785,500"
"   714,098     71,402        0     785,500"
"2015-07-13    749,200        0     749,200"
"   681,097     68,103        0     749,200"
"2015-07-14  1,016,600        0   1,016,600"
"   924,192     92,408        0   1,016,600"
"2015-07-15    770,900        0     770,900"
"   700,824     70,076        0     770,900"
"2015-07-16  1,154,300        0   1,154,300"
" 1,049,371    104,929        0   1,154,300"
"2015-07-17    865,200        0     865,200"
"   786,553     78,647        0     865,200"
"2015-07-19  1,220,000        0   1,220,000"
" 1,109,101    110,899        0   1,220,000"
"2015-07-20    574,600        0     574,600"
"   522,367     52,233        0     574,600"
"2015-07-21  1,455,400        0   1,455,400"
" 1,323,103    132,297        0   1,455,400"
"2015-07-22    963,400        0     963,400"
"   875,823     87,577        0     963,400"
"2015-07-23  1,122,100        0   1,122,100"
" 1,020,096    102,004        0   1,122,100"
"2015-07-24    653,800        0     653,800"
"   594,370     59,430        0     653,800"
"2015-07-25  1,068,000        0   1,068,000"
"   970,917     97,083        0   1,068,000"
"2015-07-26  1,858,000        0   1,858,000"
" 1,689,105    168,895        0   1,858,000"
"2015-07-27    785,900        0     785,900"
"   714,459     71,441        0     785,900"
"2015-07-28    883,600        0     883,600"
"   803,282     80,318        0     883,600"
"2015-07-29    691,200        0     691,200"
"   628,369     62,831        0     691,200"
"2015-07-30  1,224,900        0   1,224,900"
" 1,113,554    111,346        0   1,224,900"
"2015-07-31    949,200        0     949,200"
"   862,919     86,281        0     949,200"
"2015-08-01  1,380,500        0   1,380,500"
" 1,255,011    125,489        0   1,380,500"
"2015-08-02  1,187,000        0   1,187,000"
" 1,079,104    107,896        0   1,187,000"
"2015-08-03  1,543,900        0   1,543,900"
" 1,403,556    140,344        0   1,543,900"
"2015-08-04  1,134,600        0   1,134,600"
" 1,031,464    103,136        0   1,134,600"
"2015-08-05    747,600        0     747,600"
"   679,644     67,956        0     747,600"
"2015-08-06    919,000        0     919,000"
"   835,461     83,539        0     919,000"
"2015-08-07  1,272,700        0   1,272,700"
" 1,157,009    115,691        0   1,272,700"
"2015-08-08    736,500        0     736,500"
"   669,553     66,947        0     736,500"
"2015-08-09  1,163,500        0   1,163,500"
" 1,057,738    105,762        0   1,163,500"
"2015-08-10    840,500        0     840,500"
"   764,096     76,404        0     840,500"
"2015-08-11    891,800        0     891,800"
"   810,737     81,063        0     891,800"
"2015-08-12  1,062,000        0   1,062,000"
"   965,460     96,540        0   1,062,000"
"2015-08-13  1,213,200        0   1,213,200"
" 1,102,915    110,285        0   1,213,200"
"2015-08-14  1,048,700        0   1,048,700"
"   953,373     95,327        0   1,048,700"
"2015-08-15  1,483,500        0   1,483,500"
" 1,348,648    134,852        0   1,483,500"
"2015-08-16    727,000        0     727,000"
"   660,916     66,084        0     727,000"
"2015-08-17  2,385,900        0   2,385,900"
" 2,169,026    216,874        0   2,385,900"
"2015-08-18    582,800        0     582,800"
"   529,821     52,979        0     582,800"
"2015-08-19  1,558,700        0   1,558,700"
" 1,417,008    141,692        0   1,558,700"
"2015-08-20  1,063,400        0   1,063,400"
"   966,736     96,664        0   1,063,400"
"2015-08-21  2,274,000        0   2,274,000"
" 2,067,290    206,710        0   2,274,000"
"2015-08-22  1,178,000        0   1,178,000"
" 1,070,924    107,076        0   1,178,000"
"2015-08-23    695,000        0     695,000"
"   631,827     63,173        0     695,000"
"2015-08-24    872,400        0     872,400"
"   793,100     79,300        0     872,400"
"2015-08-25  1,100,600        0   1,100,600"
" 1,000,554    100,046        0   1,100,600"
"2015-08-26  1,453,400        0   1,453,400"
" 1,321,285    132,115        0   1,453,400"
"2015-08-27  1,198,600        0   1,198,600"
" 1,089,645    108,955        0   1,198,600"
"2015-08-28  1,140,000        0   1,140,000"
" 1,036,373    103,627        0   1,140,000"
"2015-08-29  2,313,000        0   2,313,000"
" 2,102,753    210,247        0   2,313,000"
"2015-08-30  1,424,000        0   1,424,000"
" 1,294,563    129,437        0   1,424,000"
"2015-08-31  1,326,900        0   1,326,900"
" 1,206,281    120,619        0   1,326,900"
"2015-09-01  1,058,500        0   1,058,500"
"   962,286     96,214        0   1,058,500"
"2015-09-02    747,700        0     747,700"
"   679,735     67,965        0     747,700"
"2015-09-03    934,500        0     934,500"
"   849,552     84,948        0     934,500"
"2015-09-04  1,451,300        0   1,451,300"
" 1,319,380    131,920        0   1,451,300"
"2015-09-05  1,560,500        0   1,560,500"
" 1,418,646    141,854        0   1,560,500"
"2015-09-06  1,428,500        0   1,428,500"
" 1,298,652    129,848        0   1,428,500"
"2015-09-07    800,800        0     800,800"
"   728,004     72,796        0     800,800"
"2015-09-08    911,700        0     911,700"
"   828,826     82,874        0     911,700"
"2015-09-09  1,467,900        0   1,467,900"
" 1,334,468    133,432        0   1,467,900"
"2015-09-10  1,513,800        0   1,513,800"
" 1,376,192    137,608        0   1,513,800"
"2015-09-11  1,245,300        0   1,245,300"
" 1,132,101    113,199        0   1,245,300"
"2015-09-12  1,581,000        0   1,581,000"
" 1,437,288    143,712        0   1,581,000"
"2015-09-13  1,818,500        0   1,818,500"
" 1,653,200    165,300        0   1,818,500"
"2015-09-14  1,729,800        0   1,729,800"
" 1,572,558    157,242        0   1,729,800"
"2015-09-15  1,142,100        0   1,142,100"
" 1,038,283    103,817        0   1,142,100"
"2015-09-16    974,300        0     974,300"
"   885,733     88,567        0     974,300"
"2015-09-17  1,225,500        0   1,225,500"
" 1,114,102    111,398        0   1,225,500"
"2015-09-18  1,288,100        0   1,288,100"
" 1,171,011    117,089        0   1,288,100"
"2015-09-19  1,762,000        0   1,762,000"
" 1,601,837    160,163        0   1,762,000"
"2015-09-20  1,352,000        0   1,352,000"
" 1,229,102    122,898        0   1,352,000"
"2015-09-21    982,400        0     982,400"
"   893,102     89,298        0     982,400"
"2015-09-22  1,815,600        0   1,815,600"
" 1,650,561    165,039        0   1,815,600"
"2015-09-23  1,430,500        0   1,430,500"
" 1,300,468    130,032        0   1,430,500"
"2015-09-24  1,447,000        0   1,447,000"
" 1,315,471    131,529        0   1,447,000"
"2015-09-25  1,355,500        0   1,355,500"
" 1,232,286    123,214        0   1,355,500"
"2015-09-29  1,044,000        0   1,044,000"
"   949,105     94,895        0   1,044,000"
"2015-09-30  1,285,300        0   1,285,300"
" 1,168,471    116,829        0   1,285,300"
"2015-10-01    630,600        0     630,600"
"   573,280     57,320        0     630,600"
"2015-10-02  1,585,300        0   1,585,300"
" 1,441,191    144,109        0   1,585,300"
"2015-10-03  1,511,500        0   1,511,500"
" 1,374,103    137,397        0   1,511,500"
"2015-10-04  1,168,500        0   1,168,500"
" 1,062,288    106,212        0   1,168,500"
"2015-10-05    800,700        0     800,700"
"   727,918     72,782        0     800,700"
"2015-10-06  1,232,100        0   1,232,100"
" 1,120,102    111,998        0   1,232,100"
"2015-10-07  1,075,500        0   1,075,500"
"   977,735     97,765        0   1,075,500"
"2015-10-08  2,029,600        0   2,029,600"
" 1,845,104    184,496        0   2,029,600"
"2015-10-09  1,827,500        0   1,827,500"
" 1,661,383    166,117        0   1,827,500"
"2015-10-10  1,091,000        0   1,091,000"
"   991,832     99,168        0   1,091,000"
"2015-10-11  2,119,000        0   2,119,000"
" 1,926,379    192,621        0   2,119,000"
"2015-10-12  1,102,600        0   1,102,600"
" 1,002,372    100,228        0   1,102,600"
"2015-10-13  1,401,400        0   1,401,400"
" 1,274,007    127,393        0   1,401,400"
"2015-10-14    993,600        0     993,600"
"   903,279     90,321        0     993,600"
"2015-10-15  1,194,100        0   1,194,100"
" 1,085,552    108,548        0   1,194,100"
"2015-10-16  2,052,800        0   2,052,800"
" 1,866,199    186,601        0   2,052,800"
"2015-10-17  2,045,500        0   2,045,500"
" 1,859,567    185,933        0   2,045,500"
"2015-10-18  1,580,500        0   1,580,500"
" 1,436,834    143,666        0   1,580,500"
"2015-10-19  1,487,900        0   1,487,900"
" 1,352,649    135,251        0   1,487,900"
"2015-10-20    958,800        0     958,800"
"   871,644     87,156        0     958,800"
"2015-10-21  1,207,300        0   1,207,300"
" 1,097,557    109,743        0   1,207,300"
"2015-10-22  1,567,900        0   1,567,900"
" 1,425,375    142,525        0   1,567,900"
"2015-10-23    948,400        0     948,400"
"   862,189     86,211        0     948,400"
"2015-10-24  1,220,000        0   1,220,000"
" 1,109,103    110,897        0   1,220,000"
"2015-10-25  1,614,500        0   1,614,500"
" 1,467,741    146,759        0   1,614,500"
"2015-10-26  1,029,200        0   1,029,200"
"   935,648     93,552        0   1,029,200"
"2015-10-27  1,296,400        0   1,296,400"
" 1,178,557    117,843        0   1,296,400"
"2015-10-28  1,041,300        0   1,041,300"
"   946,649     94,651        0   1,041,300"
"2015-10-29  1,638,900        0   1,638,900"
" 1,489,922    148,978        0   1,638,900"
"2015-10-30  1,413,100        0   1,413,100"
" 1,284,648    128,452        0   1,413,100"
"2015-10-31  1,969,500        0   1,969,500"
" 1,790,468    179,032        0   1,969,500"
"2015-11-01  1,203,000        0   1,203,000"
" 1,093,645    109,355        0   1,203,000"
"2015-11-02  1,197,800        0   1,197,800"
" 1,088,919    108,881        0   1,197,800"
"2015-11-03  1,184,300        0   1,184,300"
" 1,076,645    107,655        0   1,184,300"
"2015-11-04  1,141,700        0   1,141,700"
" 1,037,917    103,783        0   1,141,700"
"2015-11-05    934,700        0     934,700"
"   849,734     84,966        0     934,700"
"2015-11-06  2,120,100        0   2,120,100"
" 1,927,373    192,727        0   2,120,100"
"2015-11-07  1,823,500        0   1,823,500"
" 1,657,741    165,759        0   1,823,500"
"2015-11-08  1,851,000        0   1,851,000"
" 1,682,744    168,256        0   1,851,000"
"2015-11-09  1,098,600        0   1,098,600"
"   998,738     99,862        0   1,098,600"
"2015-11-10  1,354,400        0   1,354,400"
" 1,231,281    123,119        0   1,354,400"
"2015-11-11  1,700,400        0   1,700,400"
" 1,545,829    154,571        0   1,700,400"
"2015-11-12  1,598,300        0   1,598,300"
" 1,453,013    145,287        0   1,598,300"
"2015-11-13  1,407,200        0   1,407,200"
" 1,279,286    127,914        0   1,407,200"
"2015-11-14  1,043,500        0   1,043,500"
"   948,643     94,857        0   1,043,500"
"2015-11-15  1,101,000        0   1,101,000"
" 1,000,922    100,078        0   1,101,000"
"2015-11-16  1,449,100        0   1,449,100"
" 1,317,375    131,725        0   1,449,100"
"2015-11-17  1,714,400        0   1,714,400"
" 1,558,559    155,841        0   1,714,400"
"2015-11-18    821,800        0     821,800"
"   747,098     74,702        0     821,800"
"2015-11-19    986,200        0     986,200"
"   896,556     89,644        0     986,200"
"2015-11-20  1,247,100        0   1,247,100"
" 1,133,738    113,362        0   1,247,100"
"2015-11-21  1,559,500        0   1,559,500"
" 1,417,738    141,762        0   1,559,500"
"2015-11-22  1,420,000        0   1,420,000"
" 1,290,921    129,079        0   1,420,000"
"2015-11-23  1,302,200        0   1,302,200"
" 1,183,827    118,373        0   1,302,200"
"2015-11-24  1,936,500        0   1,936,500"
" 1,760,470    176,030        0   1,936,500"
"2015-11-25  1,540,100        0   1,540,100"
" 1,400,098    140,002        0   1,540,100"
"2015-11-26  1,154,800        0   1,154,800"
" 1,049,826    104,974        0   1,154,800"
"2015-11-27  1,278,400        0   1,278,400"
" 1,162,192    116,208        0   1,278,400"
"2015-11-28    905,000        0     905,000"
"   822,735     82,265        0     905,000"
"2015-11-29  1,033,000        0   1,033,000"
"   939,105     93,895        0   1,033,000"
"2015-11-30  1,592,100        0   1,592,100"
" 1,447,375    144,725        0   1,592,100"
"2015-12-01  1,229,300        0   1,229,300"
" 1,117,553    111,747        0   1,229,300"
"2015-12-02  1,396,800        0   1,396,800"
" 1,269,830    126,970        0   1,396,800"
"2015-12-03  1,292,400        0   1,292,400"
" 1,174,920    117,480        0   1,292,400"
"2015-12-04  1,079,500        0   1,079,500"
"   981,372     98,128        0   1,079,500"
"2015-12-05  2,016,000        0   2,016,000"
" 1,832,747    183,253        0   2,016,000"
"2015-12-06  1,260,000        0   1,260,000"
" 1,145,467    114,533        0   1,260,000"
"2015-12-07  1,542,200        0   1,542,200"
" 1,402,015    140,185        0   1,542,200"
"2015-12-08  1,059,600        0   1,059,600"
"   963,282     96,318        0   1,059,600"
"2015-12-09  1,271,900        0   1,271,900"
" 1,156,282    115,618        0   1,271,900"
"2015-12-10  1,341,700        0   1,341,700"
" 1,219,735    121,965        0   1,341,700"
"2015-12-11  1,594,400        0   1,594,400"
" 1,449,466    144,934        0   1,594,400"
"2015-12-12  1,758,000        0   1,758,000"
" 1,598,199    159,801        0   1,758,000"
"2015-12-13  1,677,000        0   1,677,000"
" 1,524,558    152,442        0   1,677,000"
"2015-12-14  1,159,900        0   1,159,900"
" 1,054,466    105,434        0   1,159,900"
"2015-12-15  1,155,200        0   1,155,200"
" 1,050,193    105,007        0   1,155,200"
"2015-12-16  1,491,500        0   1,491,500"
" 1,355,919    135,581        0   1,491,500"
"2015-12-17  1,731,500        0   1,731,500"
" 1,574,101    157,399        0   1,731,500"
"2015-12-18  2,570,100        0   2,570,100"
" 2,336,475    233,625        0   2,570,100"
"2015-12-19  2,062,000        0   2,062,000"
" 1,874,565    187,435        0   2,062,000"
"2015-12-20  1,469,000        0   1,469,000"
" 1,335,464    133,536        0   1,469,000"
"2015-12-21  1,176,300        0   1,176,300"
" 1,069,373    106,927        0   1,176,300"
"2015-12-22  1,285,000        0   1,285,000"
" 1,168,193    116,807        0   1,285,000"
"2015-12-23  1,203,500        0   1,203,500"
" 1,094,101    109,399        0   1,203,500"
"2015-12-24  1,745,800        0   1,745,800"
" 1,587,108    158,692        0   1,745,800"
"2015-12-25  1,481,000        0   1,481,000"
" 1,346,380    134,620        0   1,481,000"
"2015-12-26    826,000        0     826,000"
"   750,918     75,082        0     826,000"
"2015-12-27  1,067,000        0   1,067,000"
"   970,006     96,994        0   1,067,000"
"2015-12-28  1,216,100        0   1,216,100"
" 1,105,551    110,549        0   1,216,100"
"2015-12-29  1,187,200        0   1,187,200"
" 1,079,279    107,921        0   1,187,200"
"2015-12-30  1,144,800        0   1,144,800"
" 1,040,734    104,066        0   1,144,800"
"2015-12-31  1,669,600        0   1,669,600"
" 1,517,829    151,771        0   1,669,600"
"2016-01-01  1,445,000        0   1,445,000"
" 1,313,648    131,352        0   1,445,000"
"2016-01-02  1,069,500        0   1,069,500"
"   972,284     97,216        0   1,069,500"
"2016-01-03  1,406,500        0   1,406,500"
" 1,278,651    127,849        0   1,406,500"
"2016-01-04  1,483,800        0   1,483,800"
" 1,348,919    134,881        0   1,483,800"
"2016-01-05    770,400        0     770,400"
"   700,372     70,028        0     770,400"
"2016-01-06    697,800        0     697,800"
"   634,370     63,430        0     697,800"
"2016-01-07  1,029,200        0   1,029,200"
"   935,643     93,557        0   1,029,200"
"2016-01-08    747,300        0     747,300"
"   679,370     67,930        0     747,300"
"2016-01-09  1,204,000        0   1,204,000"
" 1,094,555    109,445        0   1,204,000"
"2016-01-10  1,463,000        0   1,463,000"
" 1,330,015    132,985        0   1,463,000"
"2016-01-11  1,165,900        0   1,165,900"
" 1,059,918    105,982        0   1,165,900"
"2016-01-12    398,800        0     398,800"
"   362,548     36,252        0     398,800"
"2016-01-13    785,000        0     785,000"
"   713,644     71,356        0     785,000"
"2016-01-14  1,007,000        0   1,007,000"
"   915,459     91,541        0   1,007,000"
"2016-01-15    574,200        0     574,200"
"   522,005     52,195        0     574,200"
"2016-01-16    298,000        0     298,000"
"   270,913     27,087        0     298,000"
"2016-01-17  1,260,000        0   1,260,000"
" 1,145,465    114,535        0   1,260,000"
"2016-01-18  1,264,900        0   1,264,900"
" 1,149,919    114,981        0   1,264,900"
"2016-01-19    853,900        0     853,900"
"   776,278     77,622        0     853,900"
"2016-01-20    966,100        0     966,100"
"   878,281     87,819        0     966,100"
"2016-01-21    823,100        0     823,100"
"   748,281     74,819        0     823,100"
"2016-01-22    667,100        0     667,100"
"   606,461     60,639        0     667,100"
"2016-01-23  1,752,000        0   1,752,000"
" 1,592,740    159,260        0   1,752,000"
"2016-01-24  1,257,500        0   1,257,500"
" 1,143,198    114,302        0   1,257,500"
"2016-01-25    993,500        0     993,500"
"   903,187     90,313        0     993,500"
"2016-01-26    524,000        0     524,000"
"   476,369     47,631        0     524,000"
"2016-01-27    979,600        0     979,600"
"   890,551     89,049        0     979,600"
"2016-01-28    618,400        0     618,400"
"   562,186     56,214        0     618,400"
"2016-01-29    842,500        0     842,500"
"   765,918     76,582        0     842,500"
"2016-01-30  1,232,000        0   1,232,000"
" 1,120,011    111,989        0   1,232,000"
"2016-01-31    771,000        0     771,000"
"   700,918     70,082        0     771,000"
"2016-02-01    579,900        0     579,900"
"   527,186     52,714        0     579,900"
"2016-02-02    465,000        0     465,000"
"   422,730     42,270        0     465,000"
"2016-02-03  1,378,600        0   1,378,600"
" 1,253,282    125,318        0   1,378,600"
"2016-02-04  1,504,500        0   1,504,500"
" 1,367,745    136,755        0   1,504,500"
"2016-02-05    718,700        0     718,700"
"   653,371     65,329        0     718,700"
"2016-02-06    807,000        0     807,000"
"   733,645     73,355        0     807,000"
"2016-02-09    829,000        0     829,000"
"   753,646     75,354        0     829,000"
"2016-02-10    839,000        0     839,000"
"   762,734     76,266        0     839,000"
"2016-02-11    664,700        0     664,700"
"   604,278     60,422        0     664,700"
"2016-02-12    810,700        0     810,700"
"   737,005     73,695        0     810,700"
"2016-02-13  1,625,000        0   1,625,000"
" 1,477,283    147,717        0   1,625,000"
"2016-02-14    847,000        0     847,000"
"   770,010     76,990        0     847,000"
"2016-02-15  1,090,500        0   1,090,500"
"   991,371     99,129        0   1,090,500"
"2016-02-16  1,311,700        0   1,311,700"
" 1,192,463    119,237        0   1,311,700"
"2016-02-17    876,800        0     876,800"
"   797,098     79,702        0     876,800"
"2016-02-18  1,871,200        0   1,871,200"
" 1,701,102    170,098        0   1,871,200"
"2016-02-19  2,595,400        0   2,595,400"
" 2,359,470    235,930        0   2,595,400"
"2016-02-20  1,558,500        0   1,558,500"
" 1,416,836    141,664        0   1,558,500"
"2016-02-21  1,258,000        0   1,258,000"
" 1,143,647    114,353        0   1,258,000"
"2016-02-22    822,500        0     822,500"
"   747,731     74,769        0     822,500"
"2016-02-23    651,800        0     651,800"
"   592,552     59,248        0     651,800"
"2016-02-24    994,600        0     994,600"
"   904,192     90,408        0     994,600"
"2016-02-25  1,516,700        0   1,516,700"
" 1,378,830    137,870        0   1,516,700"
"2016-02-26  1,254,500        0   1,254,500"
" 1,140,463    114,037        0   1,254,500"
"2016-02-27  2,738,500        0   2,738,500"
" 2,489,570    248,930        0   2,738,500"
"2016-02-28  3,215,000        0   3,215,000"
" 2,922,759    292,241        0   3,215,000"
"2016-02-29  1,720,600        0   1,720,600"
" 1,564,196    156,404        0   1,720,600"
"2016-03-01  2,134,500        0   2,134,500"
" 1,940,476    194,024        0   2,134,500"
"2016-03-02  1,765,700        0   1,765,700"
" 1,605,196    160,504        0   1,765,700"
"2016-03-03    971,400        0     971,400"
"   883,099     88,301        0     971,400"
"2016-03-04  1,617,500        0   1,617,500"
" 1,470,468    147,032        0   1,617,500"
"2016-03-05    735,000        0     735,000"
"   668,191     66,809        0     735,000"
"2016-03-06  1,487,000        0   1,487,000"
" 1,351,835    135,165        0   1,487,000"
"2016-03-07  1,595,800        0   1,595,800"
" 1,450,740    145,060        0   1,595,800"
"2016-03-08  1,119,500        0   1,119,500"
" 1,017,731    101,769        0   1,119,500"
"2016-03-09  1,391,500        0   1,391,500"
" 1,265,009    126,491        0   1,391,500"
"2016-03-10  1,697,000        0   1,697,000"
" 1,542,739    154,261        0   1,697,000"
"2016-03-11  1,326,700        0   1,326,700"
" 1,206,104    120,596        0   1,326,700"
"2016-03-12  1,751,500        0   1,751,500"
" 1,592,289    159,211        0   1,751,500"
"2016-03-13  1,382,000        0   1,382,000"
" 1,256,376    125,624        0   1,382,000"
"2016-03-14    768,700        0     768,700"
"   698,825     69,875        0     768,700"
"2016-03-15  1,872,200        0   1,872,200"
" 1,702,010    170,190        0   1,872,200"
"2016-03-16  1,148,600        0   1,148,600"
" 1,044,189    104,411        0   1,148,600"
"2016-03-17  1,131,600        0   1,131,600"
" 1,028,737    102,863        0   1,131,600"
"2016-03-18  1,284,900        0   1,284,900"
" 1,168,098    116,802        0   1,284,900"
"2016-03-19  1,360,000        0   1,360,000"
" 1,236,381    123,619        0   1,360,000"
"2016-03-20  1,448,000        0   1,448,000"
" 1,316,382    131,618        0   1,448,000"
"2016-03-21  1,266,300        0   1,266,300"
" 1,151,189    115,111        0   1,266,300"
"2016-03-22  1,040,800        0   1,040,800"
"   946,190     94,610        0   1,040,800"
------------------------------------------
" 총합계 : 537,191,400   88,100,537,103,300"
"97,379,695139,723,605        0,537,103,300"
==========================================

