 	3岿	4岿	5岿	6岿	7岿	8岿	9岿	10岿	11岿	12岿
1老		8.1	13.0	20.8	25.8	26.3	22.0	19.8	11.8	2.2
2老		6.2	NaN	21.6	24.5	25.1	19.5	18.4	10.4	-0.2
3老		8.2	11.9	21.3	25.1	25.3	18.8	14.9	9.4	4.2
4老		11.4	13.3	21.8	25.1	25.9	19.9	14.2	10.5	0.6
5老		14.4	14.8	23.8	24.5	25.5	19.0	16.9	8.3	1.1
6老		8.3	15.8	24.2	25.5	24.6	18.8	18.7	8.9	2.5
7老		4.6	17.8	24.5	24.0	27.5	20.4	21.1	11.6	4.0
8老		7.0	19.2	24.0	24.5	28.5	19.8	19.2	5.7	1.4
9老		6.4	16.7	24.3	25.5	28.8	21.0	19.9	9.7	2.7
10老		4.9	14.5	24.5	26.3	25.6	20.2	18.8	6.5	0.8
11老		5.7	17.7	21.8	25.3	26.5	19.7	17.4	3.2	-1.5
12老		6.1	20.0	20.3	24.3	27.7	22.4	14.5	2.9	-2.7
13老		10.6	20.9	23.0	24.3	27.7	22.6	13.9	2.2	-7.1
14老		9.4	19.4	24.2	24.3	27.3	21.6	15.6	3.4	-7.9
15老		5.2	19.9	24.3	25.0	27.2	22.3	12.2	5.6	-7.3
16老		13.7	19.8	23.3	27.0	27.3	19.4	10.1	3.7	-6.7
17老		12.2	18.0	22.9	23.9	27.3	19.8	8.8	5.2	-2.9
18老		12.1	17.9	20.9	24.7	27.8	21.5	10.2	1.9	2.7
19老		9.9	16.1	23.0	25.9	27.3	21.9	11.8	1.5	-2.8
20老		5.6	15.1	25.3	25.9	25.2	21.0	14.3	0.9	-3.9
21老		8.8	16.0	24.9	26.8	26.4	21.1	13.8	0.4	-3.5
22老	2.5	11.3	18.0	23.9	25.3	27.8	20.9	13.6	2.5	-4.6
23老	5.4	10.2	21.4	21.8	25.1	24.5	20.6	13.7	3.0	-1.3
24老	5.1	13.4	21.5	22.7	24.8	25.3	20.2	12.5	3.8	-4.2
25老	3.0	9.1	23.6	22.8	25.7	24.3	20.0	8.8	5.1	-3.1
26老	10.7	10.7	23.6	23.7	26.4	24.3	15.9	8.0	0.9	-1.3
27老	7.5	11.1	18.9	23.9	25.2	23.8	15.2	7.8	-0.5	-5.5
28老	6.8	14.6	18.8	23.2	24.4	24.4	15.0	7.1	-4.1	-6.5
29老	6.1	14.5	16.0	24.9	26.6	23.4	16.1	10.5	-1.4	-5.1
30老 	4.0	12.7	18.3	25.9	24.9	24.5	20.1	10.3	1.8	-1.0
31老 	5.9	 	19.9	 	26.7	22.6	 	8.9	 	2.9
 	1岿	2岿	3岿	4岿	5岿	6岿	7岿	8岿	9岿	10岿	11岿	12岿
1老	3.4	2.0	6.8	14.1	16.1	23.9	25.2	27.9	22.5	18.0	14.0	-0.3
2老	1.2	4.3	4.4	14.8	14.7	20.8	24.6	29.0	21.9	17.4	11.4	-5.4
3老	-0.2	-1.7	3.5	9.0	13.7	18.7	21.7	24.8	19.5	15.9	7.6	-3.3
4老	-0.1	-6.9	4.1	6.5	11.3	21.6	25.7	25.2	22.4	14.7	7.6	-3.6
5老	-1.0	-6.0	2.3	5.5	10.8	20.9	24.3	26.8	22.5	14.5	8.4	-6.0
6老	-1.9	-3.1	0.4	7.2	12.1	22.6	22.2	24.4	23.4	13.8	11.1	-5.4
7老	-1.0	1.6	-0.5	9.6	14.4	22.7	25.6	22.0	23.0	13.9	7.6	-4.7
8老	0.5	0.6	1.3	11.6	13.0	21.8	26.3	23.5	22.6	13.0	9.0	-2.2
9老	-6.8	-0.8	1.1	11.9	14.1	22.3	25.8	24.4	21.4	15.0	9.0	-4.4
10老	-6.4	-0.2	1.6	12.7	18.0	21.4	27.9	23.0	19.2	16.5	6.1	-1.6
11老	-3.0	-1.2	3.4	13.6	16.3	20.1	26.3	22.5	20.2	16.9	6.6	-0.7
12老	-3.2	-0.3	3.4	13.5	16.3	20.2	24.3	24.5	19.7	17.0	6.6	-3.4
13老	-6.0	0.8	4.4	14.9	18.5	20.1	24.7	21.9	21.2	15.5	0.3	-5.3
14老	-5.6	1.3	2.4	14.5	19.6	21.8	25.4	20.1	20.5	11.7	3.6	-4.7
15老	-4.5	1.7	4.9	14.6	17.8	22.2	25.0	24.2	21.5	10.9	3.9	-1.3
16老	-3.5	1.5	9.4	14.0	18.4	22.7	25.5	25.3	20.6	11.1	5.6	-4.1
17老	-2.8	3.4	11.8	13.3	18.5	23.2	25.1	22.0	18.6	9.4	4.9	-8.9
18老	-2.0	1.7	11.4	15.0	18.8	22.9	24.7	21.0	17.5	11.4	2.8	-9.6
19老	-4.1	0.1	7.1	12.7	18.8	21.9	25.8	22.0	17.4	12.8	2.3	-7.6
20老	-2.3	-0.6	5.3	13.7	19.7	23.0	27.5	24.4	17.7	13.2	3.8	-2.6
21老	-4.7	-0.3	4.1	14.9	18.6	22.1	26.8	22.3	17.3	12.7	6.9	-7.7
22老	-6.0	0.3	7.3	15.1	20.3	22.2	25.5	24.6	18.6	11.9	7.0	-7.7
23老	-5.2	1.8	9.0	16.0	21.6	21.0	22.4	24.0	20.1	9.9	6.2	-6.2
24老	-0.9	2.8	10.0	17.0	20.6	21.6	21.5	24.0	17.7	10.5	6.6	0.4
25老	2.3	4.2	14.1	16.7	19.4	22.5	27.3	23.2	19.2	11.0	9.4	-2.7
26老	-1.3	5.1	14.8	16.8	19.5	24.2	23.4	24.1	19.4	13.1	8.8	-5.3
27老	-2.2	6.2	13.2	14.5	20.9	24.3	23.9	23.1	20.3	10.6	7.2	-5.1
28老	0.5	6.5	15.7	12.3	22.3	23.8	24.5	22.9	19.8	7.0	6.3	-4.5
29老	-1.1	 	12.9	14.6	22.8	23.3	22.9	22.6	18.8	8.5	6.0	-0.3
30老	0.8	 	13.8	16.0	23.1	24.0	26.8	22.5	18.4	10.3	7.3	-0.8
31老	-0.1	 	13.0	 	24.6	 	27.0	20.8	 	11.0	 	-2.5
 	1岿	2岿	3岿	4岿	5岿	6岿	7岿	8岿	9岿	10岿	11岿	12岿
1老	-7.4	-4.0	2.3	11.1	20.9	21.2	23.2	27.6	24.2	15.5	3.7	1.6
2老	-6.2	-2.9	2.3	14.2	20.6	22.7	22.7	24.9	22.0	14.3	8.6	3.9
3老	-5.8	-1.4	2.8	10.2	17.7	22.4	22.1	27.1	22.5	17.9	7.6	-0.8
4老	-0.5	-1.1	-1.5	11.2	15.7	22.0	22.2	27.0	23.9	14.3	7.7	-1.8
5老	-0.2	-0.8	-1.4	9.2	13.3	16.7	23.7	28.2	21.5	15.3	10.4	2.5
6老	-1.8	-0.2	1.9	10.1	14.0	20.2	24.2	29.0	20.5	15.8	11.1	0.2
7老	-5.7	-0.2	3.3	7.8	15.7	22.6	21.5	28.8	20.5	16.6	10.1	-0.2
8老	-6.2	-8.3	6.3	8.4	16.3	21.4	20.9	25.4	19.5	18.0	10.6	0.8
9老	-4.3	-5.4	2.9	9.2	18.3	22.3	24.0	26.6	20.2	15.1	10.9	1.3
10老	-1.4	2.0	-3.2	10.6	18.6	24.3	26.9	25.4	21.0	10.4	9.9	5.0
11老	-0.9	3.1	0.4	12.2	17.1	23.3	28.1	25.1	20.3	9.8	9.5	6.5
12老	-4.0	-1.5	2.1	12.6	13.8	23.6	23.9	26.8	18.1	12.0	11.2	2.7
13老	-2.7	-1.6	4.6	10.4	18.0	23.5	23.3	24.1	18.5	12.7	9.7	3.4
14老	0.3	-2.0	3.9	6.4	20.4	22.2	25.5	25.9	18.8	14.2	12.1	3.6
15老	2.6	5.0	4.2	11.1	19.8	23.7	25.2	26.0	19.9	14.2	13.2	5.2
16老	-0.3	3.7	7.6	8.6	18.3	23.4	22.8	23.8	18.4	15.0	10.0	0.0
17老	-3.5	2.2	9.7	10.1	17.3	22.5	21.8	24.0	19.5	15.4	13.1	-4.3
18老	-3.5	0.0	7.8	12.8	17.0	23.2	23.5	26.0	19.4	14.8	9.9	-5.1
19老	0.5	-0.4	12.0	12.2	15.9	23.4	23.8	25.2	20.5	15.4	8.5	-3.0
20老	-2.2	2.6	12.4	10.5	15.8	18.6	26.3	24.1	19.2	16.1	9.4	-2.3
21老	1.1	4.2	11.0	11.5	18.0	21.7	26.1	24.3	19.5	15.7	8.2	0.3
22老	2.2	3.2	8.2	13.0	19.8	23.5	27.6	24.1	19.9	15.4	10.0	2.2
23老	-1.2	1.1	4.8	14.0	19.5	24.4	26.4	24.4	18.7	16.0	8.0	3.3
24老	1.3	1.6	4.4	15.7	19.9	24.6	24.7	25.0	20.5	15.2	6.7	1.4
25老	0.5	4.6	5.3	15.0	19.6	22.6	25.0	21.0	20.9	12.7	3.0	-0.5
26老	3.0	1.7	7.3	16.7	21.1	20.5	27.2	22.3	19.3	13.8	-1.3	1.5
27老	-1.6	-1.4	8.4	17.8	21.9	23.7	26.0	23.8	18.8	12.1	-2.0	-3.6
28老	-4.2	0.8	8.8	18.4	23.0	23.7	27.3	21.0	19.2	9.2	-0.3	-5.2
29老	-1.6	 	11.0	15.7	22.6	25.0	25.4	22.4	20.3	7.8	1.7	-5.8
30老	-1.7	 	12.6	19.9	18.4	23.4	28.0	23.5	19.1	5.0	4.0	-2.3
31老	-4.7	 	10.8	 	20.2	 	27.8	24.3	 	4.1	 	NaN
 	1岿	2岿	3岿	
1老	NaN	-5.3	-2.8		 	 	 	 	 
2老	2.9	-5.9	1.3		 	 	 	 	 
3老	3.9	-4.4	4.8		 	 	 	 	 
4老	3.7	-1.0	9.7		 	 	 	 	 
5老	-1.5	-2.5	11.6		 	 	 	 	 
6老	-2.2	-2.7	8.8		 	 	 	 	 
7老	-2.5	-4.3	6.6		 	 	 	 	 
8老	-3.8	-0.5	4.0		 	 	 	 	 
9老	-1.2	0.6	1.9		 	 	 	 	 
10老	0.7	0.2	0.2		 	 	 	 	 
11老	-2.6	4.1	-0.1		 	 	 	 	 
12老	-5.3	6.5	1.5		 	 	 	 	 
13老	-3.8	9.7	2.3		 	 	 	 	 
14老	-4.1	-1.6	3.6		 	 	 	 	 
15老	-2.5	-5.1	5.0	 	 	 	 	 
16老	-2.6	-2.8	7.6		 	 	 	 	 
17老	-0.1	-0.5	7.8		 	 	 	 
18老	-5.0	2.5	11.8		 	 	 	 	 
19老	-11.0	1.9	10.1		 	 	 
20老	-11.4	1.6	8.9	 	 	 	 	 
21老	-7.6	0.0	9.0	 	 	 	 	 	 
22老	-7.5	0.8	8.5		 	 	 	 	 
23老	-9.8	1.2		 	 	 	 
24老	-13.5	-2.4		 	 	 
25老	-9.5	-0.5		 	 
26老	-6.4	2.7			 	 
27老	-3.4	1.6		 	 
28老	-2.3	-0.5		 	 	 	 
29老	2.0	-3.6			 
30老	0.9	 		 	 	 	 	 	 
31老	-2.6	 		 	 	 	 	 	 	 	 	 	 	 